819 184 0
722 767 2
981 774 2
537 978 9
166 182 6
683 494 8
18 59 6
257 53 7
627 398 8
749 894 2
650 641 1
881 180 0
780 168 0
756 575 5
769 187 0
232 940 3
723 307 8
59 704 3
81 596 4
683 248 8
130 366 4
94 500 4
425 351 8
906 405 5
101 7 6
299 103 7
648 180 8
283 428 4
701 39 0
356 822 9
578 940 9
114 302 6
247 173 6
6 329 6
121 41 6
929 251 0
760 375 5
751 185 0
726 9 0
590 179 8
17 242 6
282 665 4
774 565 5
446 827 9
956 154 0
1 887 3
94 115 6
541 342 8
640 899 9
23 761 3
293 304 7
12 53 6
679 116 0
238 757 3
125 181 6
936 142 0
775 218 0
160 901 3
135 958 3
81 443 4
112 82 6
682 558 5
198 223 6
252 838 3
475 627 1
600 768 1
931 964 2
821 962 2
432 411 8
719 910 2
944 7 0
404 71 7
225 564 4
973 712 2
874 54 0
156 338 6
136 190 6
897 686 2
414 149 7
877 241 0
129 829 3
9 60 6
145 182 6
375 578 1
945 446 5
488 890 9
454 892 9
961 31 0
809 286 0
744 35 0
340 252 7
374 829 9
442 623 1
867 208 0
124 744 3
801 253 0
925 162 0
314 71 7
344 41 7
649 290 8
487 489 1
532 941 9
733 493 5
973 894 2
780 69 0
930 472 5
673 304 8
653 467 8
927 521 5
28 403 4
617 829 9
657 543 1
992 971 2
614 688 1
364 615 1
978 851 2
104 862 3
793 189 0
356 118 7
84 488 4
539 14 7
312 564 4
670 966 9
31 949 3
487 59 7
352 104 7
241 9 6
647 233 8
332 613 1
921 696 2
228 252 6
548 684 1
114 693 3
874 822 2
163 958 3
662 702 1
972 975 2
266 642 4
293 649 4
591 132 7
61 943 3
588 302 8
305 588 4
887 637 5
201 160 6
334 782 9
412 882 9
466 879 9
927 340 5
53 90 6
298 716 3
792 622 5
43 410 4
616 688 1
411 559 1
820 472 5
855 408 5
126 160 6
348 13 7
797 550 5
174 131 6
332 938 9
365 150 7
169 292 6
491 223 7
382 141 7
291 526 4
116 686 4
288 732 3
374 700 1
292 194 7
172 499 4
954 299 5
659 303 8
664 808 2
205 190 6
940 889 2
129 657 4
39 650 4
302 530 4
873 36 0
24 164 6
563 140 7
850 851 2
224 576 4
551 516 1
770 76 0
367 77 7
727 26 0
732 391 8
835 289 0
582 127 7
178 63 6
136 569 4
713 790 2
452 939 9
827 476 5
455 742 1
616 658 1
593 840 9
234 497 4
709 357 8
925 428 5
434 652 1
455 518 1
395 642 1
807 329 5
121 985 3
392 609 1
554 458 8
400 358 8
397 227 7
834 204 0
969 802 2
862 914 2
995 97 0
763 56 0
454 688 1
484 888 9
340 291 7
758 736 2
285 565 4
65 406 4
902 810 2
368 808 9
620 768 1
167 17 6
347 1 7
573 316 8
156 436 4
582 151 7
533 346 8
207 987 3
34 43 6
227 727 3
335 985 9
463 620 1
902 880 2
379 804 9
42 747 3
612 662 1
515 779 9
31 862 3
133 605 4
530 289 8
41 112 6
440 926 9
810 999 2
913 845 2
42 492 4
572 377 8
829 387 5
350 731 1
619 729 1
535 662 1
828 147 0
324 695 1
279 356 4
909 412 5
961 791 2
701 354 8
903 493 5
280 714 3
492 545 1
911 886 2
37 835 3
616 866 9
222 966 3
949 841 2
47 484 4
503 227 7
983 180 0
922 262 0
536 831 9
26 849 3
974 79 0
203 877 3
572 483 8
943 416 5
28 854 3
655 417 8
689 271 8
635 263 8
589 584 1
457 988 9
420 960 9
215 755 3
492 489 1
370 28 7
672 396 8
229 646 4
476 432 8
875 400 5
267 819 3
169 647 4
25 824 3
416 67 7
447 51 7
682 388 8
987 139 0
376 407 8
452 943 9
163 944 3
432 885 9
325 456 4
281 554 4
102 109 6
987 977 2
862 606 5
148 31 6
254 526 4
207 670 4
945 6 0
74 627 4
394 61 7
767 122 0
821 571 5
65 336 6
515 849 9
221 840 3
657 854 9
395 759 9
964 734 2
88 178 6
692 589 5
209 946 3
467 768 9
969 412 5
774 43 0
391 168 7
456 158 7
290 629 4
81 707 3
965 597 5
908 538 5
789 565 5
393 536 1
676 709 1
622 764 1
887 315 5
705 448 8
613 172 8
216 582 4
584 342 8
977 976 2
510 434 8
486 152 7
415 920 9
211 381 4
869 471 5
919 10 0
36 664 4
547 712 1
373 521 1
828 260 0
836 886 2
708 802 2
58 276 6
384 995 9
618 714 1
323 480 4
500 161 7
984 915 2
81 547 4
296 950 3
18 568 4
961 54 0
232 860 3
118 958 3
381 947 9
218 570 4
833 279 0
724 243 0
907 108 0
238 526 4
174 913 3
358 674 1
75 343 6
942 508 5
890 590 5
459 261 7
158 772 3
315 743 3
984 434 5
701 717 2
733 271 8
287 918 3
902 11 0
161 162 6
472 752 1
40 998 3
665 398 8
25 92 6
93 967 3
601 336 8
557 412 8
597 68 7
536 264 8
811 520 5
698 864 2
237 783 3
487 877 9
701 742 2
240 215 6
904 64 0
967 944 2
63 984 3
342 88 7
77 788 3
55 30 6
124 612 4
442 73 7
32 978 3
337 843 9
498 36 7
59 735 3
171 899 3
964 873 2
641 205 8
88 897 3
269 407 4
841 332 5
391 535 1
772 820 2
323 179 7
850 799 2
144 292 6
872 176 0
622 562 1
372 472 1
598 431 8
560 121 7
330 524 4
994 323 5
729 434 5
220 351 4
841 61 0
35 585 4
949 808 2
405 624 1
987 608 5
776 131 0
252 648 4
660 875 9
210 32 6
699 160 0
463 259 7
282 146 7
784 628 5
469 865 9
415 42 7
568 608 1
455 604 1
193 404 4
412 951 9
381 751 1
559 157 7
235 811 3
157 895 3
38 368 4
927 738 2
880 742 2
997 514 5
888 133 0
495 710 1
351 910 9
752 919 2
518 207 7
523 712 1
964 287 0
15 345 6
39 574 4
502 626 1
385 659 1
521 424 8
379 800 9
514 612 1
542 511 1
478 783 9
997 973 2
845 348 5
235 597 4
267 754 3
156 791 3
818 472 5
430 833 9
169 821 3
759 23 0
447 496 1
35 320 6
920 766 2
120 434 4
378 15 7
298 209 7
798 295 0
182 995 3
643 770 1
592 262 8
524 100 7
405 694 1
925 836 2
879 94 0
657 638 1
118 457 4
134 505 4
777 407 5
271 250 6
193 650 4
265 491 4
211 415 4
138 393 4
410 781 9
163 354 4
44 39 6
806 801 2
85 731 3
637 964 9
178 647 4
602 648 1
104 89 6
153 881 3
496 424 8
483 689 1
426 748 1
533 637 1
515 671 1
383 277 7
453 898 9
983 849 2
290 790 3
650 375 8
873 640 5
340 403 4
287 294 7
51 391 4
383 204 7
624 879 9
981 108 0
569 407 8
208 102 6
397 724 1
773 780 2
353 578 1
30 337 6
779 320 5
479 782 9
696 704 2
422 36 7
108 709 3
330 159 7
452 714 1
716 76 0
945 697 2
536 514 1
104 745 3
968 501 5
821 94 0
633 174 8
24 664 4
863 156 0
984 694 2
938 32 0
399 360 8
68 507 4
421 751 1
18 873 3
817 734 2
301 762 3
783 838 2
629 888 9
935 949 2
741 756 2
395 727 1
282 420 4
391 498 1
576 727 1
192 514 4
760 943 2
226 828 3
802 999 2
931 821 2
224 100 6
907 525 5
863 691 2
715 844 2
931 2 0
793 24 0
110 189 6
751 393 5
961 142 0
243 537 4
870 787 2
403 982 9
731 981 2
162 885 3
980 94 0
58 556 4
194 318 6
433 409 8
9 149 6
253 292 6
151 47 6
316 262 7
588 420 8
7 549 4
914 602 5
438 784 9
389 841 9
766 472 5
174 929 3
358 506 1
375 768 9
62 921 3
86 495 4
331 447 4
996 936 2
739 500 5
335 408 4
114 923 3
828 121 0
472 742 1
75 262 6
879 464 5
103 997 3
289 629 4
278 999 3
135 5 6
767 197 0
927 854 2
693 610 1
301 41 7
546 393 8
541 882 9
153 655 4
805 333 5
776 630 5
427 203 7
892 306 5
668 348 8
656 309 8
329 286 7
308 465 4
292 75 7
14 571 4
281 59 7
181 583 4
101 727 3
328 642 1
961 481 5
298 119 7
814 426 5
749 241 0
630 993 9
900 650 5
693 908 2
959 23 0
194 267 6
840 838 2
342 854 9
409 976 9
914 590 5
559 367 8
670 239 8
9 631 4
72 307 6
750 886 2
86 851 3
479 716 1
197 731 3
366 890 9
991 677 2
265 538 4
944 105 0
376 638 1
312 138 7
614 578 1
80 525 4
945 750 2
116 306 6
734 188 0
966 836 2
426 52 7
40 906 3
120 237 6
989 838 2
479 981 9
515 97 7
871 459 5
554 247 8
449 866 9
385 416 8
796 818 2
941 93 0
920 58 0
400 654 1
598 366 8
843 25 0
770 883 2
283 890 3
472 272 8
728 951 2
605 243 8
400 476 1
54 955 3
76 503 4
821 813 2
919 970 2
631 213 8
63 552 4
623 463 8
558 221 8
181 753 3
598 951 9
988 881 2
841 460 5
506 569 1
764 111 0
164 164 6
940 218 0
471 368 8
74 645 4
181 993 3
615 165 8
558 678 1
69 533 4
494 979 9
107 675 4
733 705 2
979 73 0
939 820 2
534 445 8
742 650 5
908 906 2
166 848 3
125 638 4
216 199 6
283 750 3
544 250 8
267 455 4
928 336 5
340 774 9
667 447 8
802 752 2
505 781 9
826 444 5
601 712 1
889 695 2
362 149 7
602 880 9
998 727 2
870 566 5
278 153 7
668 174 0
403 935 9
629 684 1
623 970 9
810 291 0
769 612 5
43 274 6
393 221 7
70 347 6
933 311 5
42 647 4
461 644 1
528 811 9
723 398 8
729 353 8
904 398 5
528 659 1
685 157 0
695 309 8
479 506 1
952 249 0
470 347 8
875 864 2
569 298 8
563 502 1
609 605 1
502 422 8
602 30 7
233 677 4
780 315 5
31 36 6
65 559 4
48 750 3
716 743 2
411 196 7
601 715 1
797 72 0
63 672 4
288 984 3
970 851 2
486 932 9
808 340 5
354 410 4
370 940 9
440 503 1
607 471 8
891 672 2
30 939 3
422 98 7
35 186 6
646 636 1
901 443 5
60 316 6
468 348 8
300 790 3
551 139 7
722 360 8
479 429 8
122 202 6
721 562 5
57 680 4
33 948 3
352 415 4
888 126 0
514 923 9
664 160 0
911 918 2
956 972 2
234 776 3
672 887 2
566 224 8
378 641 1
584 857 9
422 706 1
411 495 1
269 468 4
175 654 4
417 879 9
70 657 4
357 584 1
932 22 0
96 843 3
940 404 5
167 174 6
180 840 3
413 99 7
64 791 3
92 0 6
1 866 3
706 412 8
713 327 8
233 240 6
982 2 0
119 404 4
659 476 8
340 943 9
498 436 8
786 790 2
193 306 6
317 725 1
146 730 3
176 562 4
522 620 1
562 523 1
486 268 8
287 199 7
948 520 5
439 282 7
522 910 9
686 533 5
739 26 0
476 589 1
814 615 5
380 359 8
921 697 2
85 419 4
427 261 7
981 301 5
234 543 4
824 720 2
163 464 4
272 111 7
984 63 0
393 859 9
974 431 5
744 65 0
457 221 7
654 624 1
188 34 6
983 109 0
731 68 0
880 511 5
682 861 2
812 916 2
756 989 2
988 919 2
453 260 7
383 789 9
676 776 2
0 2 6
560 745 1
67 17 6
966 721 2
641 154 8
108 977 3
615 191 8
397 495 1
702 79 0
708 867 2
347 464 4
856 688 2
735 661 2
300 118 7
450 976 9
895 451 5
978 455 5
196 397 4
824 514 5
471 818 9
20 579 4
795 987 2
770 544 5
482 473 1
976 542 5
340 323 7
358 548 1
363 93 7
209 664 4
212 11 6
992 459 5
462 323 8
266 10 7
720 442 5
876 191 0
260 896 3
122 407 4
883 893 2
952 717 2
718 928 2
259 410 4
603 969 9
310 319 7
63 519 4
335 627 1
530 327 8
86 345 6
2 352 6
707 75 0
146 584 4
618 407 8
480 741 1
166 364 4
986 470 5
433 704 1
750 693 2
466 706 1
14 776 3
25 77 6
647 712 1
704 529 5
39 142 6
874 394 5
846 582 5
469 993 9
166 87 6
752 998 2
828 270 0
714 166 0
741 148 0
870 843 2
193 688 4
901 207 0
816 278 0
285 463 4
990 341 5
993 382 5
484 219 7
776 330 5
801 245 0
675 319 8
684 427 8
670 865 2
698 384 8
31 791 3
532 254 8
634 77 0
942 536 5
285 759 3
166 922 3
574 157 7
263 919 3
539 99 7
139 315 6
782 292 0
912 457 5
612 596 1
885 634 5
461 935 9
18 493 4
726 903 2
747 712 2
980 41 0
600 265 8
152 767 3
539 79 7
276 803 3
998 815 2
902 137 0
