225 858 4
855 184 1
826 281 1
246 334 7
73 587 3
539 938 0
497 269 7
346 244 7
224 93 8
606 406 9
518 218 6
904 103 1
612 676 9
491 408 9
862 398 2
183 439 3
609 38 6
623 435 9
671 221 6
121 744 4
809 661 2
683 306 6
930 29 1
903 507 2
474 509 9
913 992 5
79 169 8
447 691 0
845 291 1
451 59 7
689 635 2
498 650 9
25 473 3
85 697 4
695 559 2
793 856 5
572 476 9
162 854 4
505 417 9
361 331 7
278 627 3
676 357 6
796 123 1
400 994 0
414 852 0
53 456 3
839 552 2
458 216 7
377 544 9
265 72 7
455 59 7
928 379 2
535 443 9
233 393 3
860 947 5
76 139 8
574 752 0
848 370 2
228 601 3
364 994 0
805 770 5
450 996 0
322 909 4
564 699 0
805 830 5
124 612 3
241 404 3
991 128 1
847 576 2
873 60 1
523 950 0
551 97 6
702 399 2
820 282 1
352 536 9
277 157 7
306 79 7
153 980 4
340 718 0
32 497 3
900 156 1
109 141 8
912 452 2
621 112 6
29 495 3
172 904 4
445 723 0
354 499 9
474 174 7
782 827 5
62 59 8
336 369 7
490 490 9
349 831 0
560 381 9
328 812 0
889 790 5
305 802 4
242 926 4
266 623 3
421 438 9
528 866 0
513 882 0
718 987 5
408 500 9
814 470 2
911 151 1
191 753 4
993 893 5
584 905 0
626 265 6
69 516 3
407 374 7
670 1 6
300 936 4
625 74 6
726 505 2
292 239 7
739 10 6
578 147 6
862 745 5
969 773 5
896 513 2
527 241 6
406 463 9
498 32 6
80 567 3
900 487 2
293 570 3
489 945 0
858 466 2
19 936 4
971 312 1
175 62 8
322 754 4
561 185 6
499 530 9
310 747 4
43 189 8
340 801 0
5 190 8
834 85 1
109 86 8
925 402 2
657 414 9
699 867 5
232 719 4
804 555 2
383 331 7
617 57 6
85 178 8
594 936 0
60 905 4
35 456 3
446 375 9
257 451 3
917 443 2
889 26 1
530 814 0
780 539 2
580 480 9
758 164 6
551 562 9
719 934 5
894 336 1
991 331 1
866 938 5
620 278 6
195 655 3
734 641 2
383 344 7
445 300 7
787 334 1
679 669 9
500 459 9
208 432 3
939 967 5
596 842 0
881 315 1
776 775 5
3 120 8
459 221 7
58 79 8
499 253 7
86 234 8
246 469 3
578 691 0
122 717 4
377 801 0
387 229 7
260 947 4
661 552 9
914 257 1
394 148 7
572 523 9
275 927 4
995 734 5
148 405 3
165 648 3
658 252 6
234 256 8
73 164 8
300 195 7
233 29 8
996 972 5
259 609 3
920 272 1
513 186 6
530 259 6
334 454 3
134 610 3
382 129 7
696 882 5
534 862 0
882 544 2
466 116 7
153 539 3
632 453 9
87 866 4
482 435 9
838 93 1
396 758 0
366 909 0
297 248 7
169 631 3
702 655 2
593 436 9
785 290 1
319 671 3
504 553 9
568 322 6
670 721 5
861 654 2
174 300 8
520 8 6
736 359 2
454 132 7
469 820 0
394 118 7
420 915 0
102 122 8
570 695 0
911 355 1
337 582 3
379 193 7
135 947 4
515 157 6
668 729 5
812 194 1
29 332 8
554 117 6
43 8 8
250 865 4
180 644 3
335 600 3
911 437 2
75 481 3
485 986 0
189 822 4
920 568 2
368 55 7
515 883 0
565 535 9
964 377 2
729 994 5
61 283 8
463 457 9
644 713 0
674 824 5
709 9 6
777 972 5
447 204 7
454 284 7
190 643 3
106 462 3
211 474 3
869 78 1
710 434 2
613 674 9
163 694 4
20 577 3
329 484 3
386 973 0
549 412 9
150 611 3
773 279 1
583 572 9
483 389 9
856 25 1
32 963 4
487 595 9
789 356 2
673 851 5
143 638 3
878 658 2
684 250 6
587 14 6
86 973 4
339 636 3
737 841 5
599 511 9
120 534 3
83 603 3
924 940 5
980 308 1
255 467 3
904 44 1
176 929 4
248 671 3
920 126 1
329 604 3
376 269 7
618 463 9
594 310 6
451 332 7
151 402 3
843 624 2
288 926 4
579 564 9
866 560 2
873 473 2
379 129 7
518 555 9
410 118 7
578 330 6
596 260 6
935 972 5
529 905 0
787 123 1
567 590 9
455 719 0
344 650 3
695 633 2
577 274 6
197 795 4
834 422 2
269 214 7
551 139 6
121 962 4
609 52 6
644 205 6
312 579 3
529 193 6
837 317 1
316 404 3
259 124 8
475 604 9
126 170 8
237 703 4
445 786 0
851 279 1
209 472 3
845 112 1
963 319 1
426 572 9
371 71 7
129 35 8
2 658 3
228 839 4
327 896 0
244 587 3
372 719 0
543 499 9
242 780 4
554 687 9
918 757 5
318 479 3
229 516 3
944 544 2
835 370 2
468 558 9
793 597 2
593 796 0
608 173 6
635 935 0
421 231 7
874 794 5
303 417 3
293 545 3
549 199 6
584 820 0
957 902 5
299 538 3
418 243 7
83 605 3
966 903 5
515 759 0
853 460 2
555 461 9
633 543 9
748 55 6
126 623 3
201 429 3
392 846 0
326 942 0
45 910 4
762 2 6
165 413 3
893 935 5
657 328 6
541 975 0
231 56 8
734 84 6
517 642 9
897 502 2
185 646 3
909 311 1
621 110 6
93 13 8
956 771 5
307 2 7
682 421 2
356 847 0
835 249 1
134 844 4
577 675 9
819 161 1
84 553 3
597 953 0
547 495 9
807 732 5
493 717 0
396 466 9
827 841 5
831 136 1
612 139 6
138 294 8
912 846 5
493 747 0
448 628 9
943 25 1
655 762 5
538 91 6
668 136 6
396 215 7
631 204 6
300 476 3
921 696 5
942 100 1
537 125 6
236 149 8
616 726 0
796 529 2
573 641 9
628 373 9
621 572 9
398 629 9
686 289 6
720 706 5
425 469 9
274 408 3
673 574 9
884 946 5
622 178 6
46 511 3
303 283 7
12 272 8
361 160 7
801 286 1
802 781 5
659 775 5
353 410 9
404 392 9
699 477 2
98 124 8
946 372 2
532 619 9
298 768 4
565 920 0
946 963 5
431 601 9
598 796 0
225 960 4
956 26 1
246 758 4
160 906 4
534 865 0
316 290 7
257 15 8
767 708 5
491 65 7
432 23 7
684 731 5
791 601 2
651 89 6
565 435 9
42 163 8
231 620 3
475 187 7
998 722 5
298 158 7
628 184 6
24 296 8
474 281 7
663 594 9
989 154 1
659 422 9
529 696 0
505 672 9
297 508 3
113 214 8
943 155 1
730 526 2
775 205 1
66 126 8
927 364 2
284 907 4
900 308 1
555 374 9
942 218 1
320 931 4
724 980 5
705 253 6
676 562 9
925 973 5
71 38 8
540 366 9
546 270 6
893 673 2
475 311 7
799 755 5
27 84 8
14 927 4
392 570 9
653 334 6
140 974 4
618 865 0
954 675 2
118 982 4
238 44 8
307 661 3
434 847 0
27 980 4
469 272 7
654 945 5
583 805 0
52 962 4
889 66 1
241 634 3
636 895 0
320 777 4
221 290 8
642 527 9
318 112 7
509 908 0
508 816 0
569 943 0
16 596 3
923 485 2
221 929 4
782 156 1
735 834 5
119 976 4
901 360 2
962 889 5
607 283 6
666 828 5
925 660 2
355 243 7
773 216 1
151 281 8
385 720 0
576 753 0
669 500 9
238 242 8
781 21 1
398 868 0
207 869 4
197 108 8
582 159 6
350 189 7
442 368 9
370 368 7
29 77 8
963 154 1
294 115 7
787 31 1
187 364 3
784 856 5
216 22 8
450 349 7
395 849 0
218 603 3
718 415 2
63 300 8
574 413 9
842 369 2
782 212 1
89 163 8
289 52 7
669 935 5
519 456 9
966 707 5
172 102 8
915 388 2
477 366 9
90 872 4
215 308 8
827 285 1
75 243 8
938 649 2
656 780 5
370 790 0
344 459 3
305 985 4
864 974 5
921 383 2
783 239 1
442 955 0
342 358 7
696 819 5
724 786 5
43 291 8
446 871 0
928 521 2
466 866 0
170 474 3
998 893 5
265 694 4
704 922 5
680 568 9
897 953 5
304 32 7
192 98 8
987 886 5
456 35 7
57 532 3
821 101 1
823 619 2
324 104 7
140 790 4
970 663 2
264 321 7
556 881 0
367 260 7
804 47 1
181 53 8
0 837 4
85 545 3
935 424 2
783 392 2
460 841 0
276 633 3
294 100 7
253 618 3
204 393 3
760 526 2
56 24 8
199 964 4
258 567 3
225 414 3
966 758 5
467 967 0
595 552 9
864 530 2
328 647 3
274 788 4
488 551 9
774 134 1
3 27 8
752 559 2
772 864 5
437 181 7
241 637 3
145 499 3
204 370 3
913 170 1
480 732 0
489 75 7
284 705 4
958 964 5
353 232 7
753 193 6
135 879 4
328 138 7
906 432 2
49 30 8
297 487 3
211 538 3
124 357 3
389 680 0
79 302 8
202 560 3
34 44 8
987 670 2
749 945 5
986 102 1
530 739 0
648 665 9
618 328 6
156 876 4
760 205 6
259 409 3
692 470 2
299 168 7
179 688 4
848 611 2
342 403 3
523 728 0
447 862 0
750 196 6
808 737 5
651 338 6
828 651 2
355 799 0
979 511 2
675 91 6
717 934 5
501 761 0
757 152 6
930 288 1
841 778 5
899 535 2
181 774 4
264 980 4
637 14 6
177 445 3
103 828 4
135 932 4
831 490 2
731 810 5
354 758 0
253 423 3
45 754 4
184 802 4
259 114 8
442 452 9
245 342 3
987 778 5
468 251 7
759 105 6
618 936 0
902 73 1
116 389 3
5 947 4
232 88 8
109 586 3
847 362 2
9 244 8
469 193 7
398 728 0
660 840 5
180 905 4
534 519 9
35 3 8
123 794 4
460 93 7
82 363 3
166 198 8
104 524 3
497 336 7
612 958 0
922 811 5
321 283 7
407 142 7
829 805 5
222 489 3
646 402 9
746 180 6
921 781 5
183 396 3
576 996 0
489 658 9
359 656 9
209 815 4
180 58 8
152 144 8
17 426 3
308 690 4
710 715 5
184 891 4
521 406 9
380 519 9
808 478 2
699 81 6
259 235 7
478 187 7
231 319 8
198 942 4
975 759 5
757 507 2
817 261 1
652 186 6
688 312 6
228 750 4
27 412 3
641 900 0
818 373 2
419 978 0
851 119 1
412 462 9
706 242 6
2 289 8
561 200 6
231 537 3
959 340 1
396 128 7
954 48 1
315 642 3
360 895 0
744 740 5
308 737 4
640 478 9
462 60 7
457 665 9
531 869 0
127 237 8
463 129 7
878 24 1
329 109 7
913 640 2
801 310 1
769 755 5
710 436 2
749 423 2
331 845 0
163 991 4
582 155 6
470 44 7
215 927 4
709 98 6
148 189 8
335 963 0
318 213 7
339 0 7
674 253 6
992 828 5
915 113 1
935 977 5
549 685 9
400 233 7
530 915 0
224 465 3
71 694 4
509 638 9
973 571 2
737 473 2
760 424 2
436 430 9
990 776 5
782 664 2
381 775 0
844 296 1
888 780 5
273 790 4
465 26 7
23 347 8
293 599 3
812 364 2
294 674 3
355 619 9
245 92 8
93 357 3
516 881 0
787 506 2
657 922 5
523 390 9
697 367 2
38 937 4
147 664 3
79 964 4
690 454 2
664 983 5
54 476 3
700 348 6
150 55 8
319 747 4
499 412 9
104 15 8
646 892 0
522 655 9
166 397 3
46 215 8
764 84 6
152 264 8
748 584 2
580 790 0
38 244 8
774 92 1
73 826 4
792 575 2
233 112 8
323 732 4
876 427 2
747 522 2
671 621 9
178 837 4
18 224 8
52 135 8
660 557 9
751 409 2
493 683 0
199 531 3
280 325 7
976 353 1
503 768 0
280 736 4
232 603 3
468 109 7
383 568 9
983 406 2
541 161 6
596 912 0
737 0 6
399 750 0
909 150 1
159 402 3
185 710 4
286 465 3
388 262 7
818 891 5
382 451 9
980 615 2
54 800 4
76 789 4
368 59 7
548 910 0
573 144 6
174 662 3
496 573 9
412 406 9
723 923 5
160 908 4
986 446 2
726 374 2
60 896 4
617 443 9
347 597 3
58 402 3
398 134 7
543 118 6
545 91 6
380 118 7
587 554 9
133 84 8
127 545 3
842 202 1
821 2 1
463 807 0
801 189 1
181 861 4
85 150 8
304 433 3
748 714 5
187 498 3
200 730 4
616 746 0
174 997 4
216 761 4
551 349 9
845 31 1
895 39 1
233 716 4
42 696 4
875 843 5
885 56 1
56 971 4
558 713 0
756 306 1
427 943 0
804 980 5
25 773 4
726 199 6
122 294 8
313 673 3
644 510 9
56 891 4
550 290 6
959 592 2
986 834 5
787 872 5
242 195 8
195 800 4
908 951 5
459 688 0
246 615 3
668 623 9
388 746 0
823 862 5
40 488 3
536 684 9
998 592 2
927 548 2
234 886 4
492 221 7
72 631 3
445 666 9
827 640 2
467 735 0
943 278 1
775 541 2
893 443 2
164 634 3
189 339 8
496 230 7
827 384 2
266 826 4
329 194 7
726 563 2
432 219 7
784 857 5
202 581 3
523 29 6
221 990 4
117 516 3
268 892 4
409 514 9
336 926 0
148 877 4
617 644 9
107 445 3
29 726 4
623 358 9
272 349 7
273 56 7
920 58 1
913 123 1
639 437 9
504 213 7
779 621 2
81 48 8
866 843 5
914 202 1
769 62 6
431 386 9
706 539 2
183 87 8
617 806 0
797 889 5
508 71 6
297 780 4
481 211 7
255 472 3
648 760 0
685 427 2
733 119 6
827 599 2
962 741 5
153 83 8
155 585 3
469 214 7
476 5 7
653 445 9
811 451 2
686 671 2
874 983 5
804 355 2
194 59 8
827 194 1
171 865 4
622 257 6
336 801 0
856 298 1
895 362 2
733 402 2
947 554 2
616 775 0
559 270 6
220 723 4
73 906 4
746 947 5
889 550 2
302 436 3
962 481 2
630 485 9
346 604 3
742 682 5
758 599 2
332 5 7
313 417 3
407 612 9
972 24 1
387 531 9
646 959 0
254 719 4
217 353 3
18 458 3
903 672 2
894 217 1
153 877 4
703 852 5
481 445 9
886 591 2
396 571 9
596 709 0
988 4 1
321 960 4
380 60 7
844 378 2
19 450 3
449 236 7
803 467 2
695 59 6
139 941 4
276 292 7
818 979 5
144 652 3
777 383 2
243 173 8
954 192 1
235 942 4
196 556 3
255 928 4
969 99 1
306 988 4
901 755 5
577 57 6
222 624 3
116 713 4
565 744 0
5 736 4
76 502 3
388 853 0
885 983 5
378 839 0
175 613 3
133 723 4
522 388 9
651 491 9
839 957 5
479 93 7
712 408 2
150 286 8
32 618 3
999 950 5
362 357 7
686 438 2
211 426 3
643 96 6
409 22 7
287 937 4
635 772 0
660 157 6
161 312 8
0 352 8
269 832 4
797 334 1
240 947 4
972 273 1
917 972 5
223 280 8
681 261 6
70 892 4
687 714 5
340 96 7
736 627 2
33 371 3
751 694 5
881 264 1
358 881 0
617 979 0
713 766 5
665 954 5
714 638 2
579 983 0
962 154 1
263 643 3
415 334 7
887 102 1
48 227 8
550 136 6
206 936 4
507 957 0
982 740 5
222 340 3
974 191 1
319 687 4
957 337 1
993 23 1
975 924 5
7 289 8
430 622 9
932 845 5
956 171 1
299 356 7
398 850 0
492 604 9
786 352 2
913 120 1
92 135 8
460 66 7
678 131 6
106 636 3
468 451 9
11 795 4
376 18 7
84 806 4
641 368 9
4 949 4
539 303 6
306 937 4
505 150 7
893 643 2
502 807 0
763 947 5
294 575 3
365 973 0
707 471 2
961 527 2
275 972 4
675 651 9
343 759 0
809 336 1
128 813 4
285 19 7
469 943 0
309 326 7
446 202 7
322 948 4
361 85 7
247 8 8
13 613 3
333 72 7
436 294 7
599 711 0
618 626 9
714 313 6
386 524 9
649 866 0
689 287 6
885 510 2
230 194 8
189 676 3
749 511 2
977 462 2
948 224 1
470 961 0
189 155 8
33 626 3
801 985 5
689 420 2
611 404 9
85 349 8
280 735 4
215 969 4
22 453 3
832 604 2
999 21 1
281 100 7
532 610 9
563 480 9
186 385 3
442 376 9
541 827 0
354 342 7
164 43 8
114 776 4
799 200 1
477 79 7
287 45 7
49 309 8
498 881 0
913 849 5
254 546 3
302 786 4
156 865 4
618 695 9
602 412 9
71 143 8
240 777 4
838 404 2
820 304 1
532 620 9
504 10 6
699 143 6
55 100 8
452 905 0
333 718 0
106 587 3
616 408 9
725 125 6
273 344 7
820 228 1
756 243 6
371 348 7
20 561 3
753 192 6
866 637 2
812 722 5
647 864 0
866 54 1
316 670 3
311 2 7
388 418 9
941 5 1
826 667 2
130 452 3
363 302 7
680 119 6
545 403 9
468 565 9
965 573 2
757 183 6
210 922 4
905 210 1
138 771 4
616 454 9
442 928 0
456 182 7
346 398 7
187 172 8
417 669 9
976 780 5
971 8 1
899 868 5
412 719 0
433 729 0
644 191 6
912 207 1
113 169 8
769 251 1
941 385 2
57 735 4
313 866 4
917 659 2
616 457 9
184 33 8
478 512 9
813 450 2
521 64 6
318 285 7
136 104 8
366 780 0
295 278 7
339 760 0
447 108 7
363 740 0
494 772 0
475 807 0
638 393 9
819 254 1
202 3 8
287 680 3
515 452 9
482 388 9
517 153 6
673 5 6
257 39 8
785 904 5
669 477 9
16 469 3
585 731 0
209 79 8
503 37 6
239 494 3
782 58 1
100 984 4
413 740 0
664 928 5
192 147 8
669 61 6
652 342 6
66 909 4
734 204 6
165 403 3
681 181 6
872 266 1
912 434 2
698 767 5
471 289 7
613 253 6
699 714 5
237 112 8
454 253 7
392 646 9
752 61 6
708 404 2
756 126 6
665 490 9
330 830 0
893 11 1
363 118 7
630 627 9
552 680 9
395 375 7
321 360 7
628 20 6
74 217 8
132 528 3
822 524 2
527 575 9
938 235 1
331 694 0
361 349 7
184 44 8
531 429 9
407 895 0
547 37 6
522 451 9
69 269 8
826 390 2
630 806 0
410 56 7
375 542 9
585 198 6
419 112 7
125 357 3
699 808 5
51 412 3
157 587 3
456 41 7
16 864 4
936 916 5
253 810 4
719 323 6
432 898 0
713 414 2
56 476 3
470 432 9
370 407 9
630 789 0
519 107 6
498 570 9
915 549 2
983 425 2
488 791 0
466 857 0
655 754 5
773 261 1
564 844 0
584 348 9
742 649 2
762 799 5
477 585 9
231 848 4
992 213 1
637 864 0
672 136 6
434 939 0
37 769 4
364 878 0
561 182 6
735 568 2
936 508 2
181 853 4
704 117 6
201 447 3
767 316 1
598 244 6
901 181 1
444 245 7
746 82 6
109 418 3
570 896 0
357 959 0
17 74 8
837 578 2
256 572 3
499 193 7
432 680 0
398 137 7
798 599 2
936 917 5
267 534 3
513 520 9
67 958 4
766 813 5
392 227 7
231 314 8
475 588 9
273 493 3
14 463 3
71 271 8
35 922 4
816 820 5
955 214 1
309 753 4
165 245 8
22 433 3
131 887 4
953 198 1
845 719 5
11 589 3
299 594 3
903 774 5
534 529 9
267 549 3
992 691 5
820 379 2
613 636 9
199 920 4
202 860 4
673 367 6
457 47 7
152 940 4
935 106 1
138 132 8
177 501 3
722 476 2
95 977 4
603 982 0
506 870 0
531 498 9
561 703 0
878 527 2
691 429 2
447 893 0
290 473 3
612 99 6
872 765 5
40 807 4
871 530 2
292 400 3
32 14 8
229 479 3
343 832 0
461 850 0
54 344 8
348 968 0
47 578 3
495 738 0
8 294 8
983 650 2
119 596 3
749 992 5
361 141 7
151 584 3
672 443 9
336 704 0
809 565 2
535 153 6
749 349 2
3 804 4
693 351 6
772 93 1
282 619 3
183 290 8
265 167 7
292 385 3
115 393 3
729 476 2
535 880 0
412 207 7
324 100 7
263 133 7
18 150 8
286 767 4
499 641 9
923 545 2
993 695 5
638 627 9
666 173 6
917 932 5
340 561 3
669 807 5
954 398 2
635 841 0
278 47 7
48 954 4
500 663 9
88 518 3
814 726 5
285 313 7
368 209 7
210 713 4
256 200 7
340 275 7
374 609 9
559 66 6
170 228 8
874 476 2
978 509 2
318 256 7
909 718 5
211 409 3
382 651 9
927 548 2
377 564 9
213 745 4
125 424 3
810 734 5
624 150 6
9 350 8
759 568 2
769 281 1
148 643 3
758 126 6
504 428 9
734 765 5
498 297 7
526 232 6
948 453 2
780 678 2
370 994 0
775 495 2
770 586 2
229 746 4
88 590 3
449 848 0
158 218 8
481 658 9
861 591 2
784 717 5
19 871 4
483 518 9
168 9 8
102 469 3
815 883 5
147 537 3
229 274 8
32 351 8
212 614 3
97 301 8
204 546 3
501 715 0
764 982 5
373 977 0
574 510 9
47 945 4
381 882 0
815 549 2
243 918 4
370 58 7
801 869 5
595 382 9
144 980 4
733 356 2
946 830 5
9 150 8
729 510 2
865 845 5
493 239 7
175 419 3
101 222 8
364 482 9
104 180 8
383 347 7
98 754 4
758 251 6
975 705 5
633 119 6
685 366 6
828 631 2
548 837 0
134 277 8
700 351 6
123 193 8
590 650 9
612 691 9
872 328 1
525 976 0
508 909 0
675 958 5
15 433 3
209 990 4
139 194 8
462 176 7
560 290 6
160 461 3
479 646 9
738 179 6
997 213 1
724 940 5
863 336 1
983 87 1
17 509 3
63 525 3
770 91 1
484 785 0
876 45 1
775 15 1
240 589 3
544 152 6
879 56 1
613 711 0
54 352 8
242 51 8
917 967 5
991 133 1
655 975 5
220 672 3
836 636 2
550 606 9
727 386 2
743 955 5
431 870 0
323 23 7
460 867 0
176 691 4
275 789 4
402 329 7
493 645 9
732 763 5
612 724 0
896 619 2
51 468 3
292 239 7
456 842 0
197 535 3
228 940 4
491 11 6
810 814 5
35 270 8
33 211 8
962 308 1
352 364 7
989 846 5
361 721 0
609 325 6
797 857 5
945 200 1
677 589 9
439 134 7
783 636 2
669 363 6
928 160 1
726 739 5
974 761 5
9 7 8
324 323 7
667 677 9
40 656 3
875 753 5
730 836 5
79 879 4
693 376 2
80 370 3
317 871 4
856 100 1
860 526 2
815 788 5
686 541 2
527 661 9
303 889 4
20 979 4
212 688 4
656 604 9
696 883 5
358 426 9
719 437 2
306 764 4
165 386 3
487 482 9
609 343 6
934 469 2
869 749 5
258 908 4
642 137 6
921 297 1
26 941 4
277 591 3
629 285 6
195 326 8
169 905 4
104 240 8
694 410 2
5 859 4
148 844 4
693 758 5
187 627 3
579 409 9
728 837 5
317 371 7
975 238 1
668 353 6
531 297 6
944 161 1
583 492 9
839 104 1
749 943 5
344 444 3
706 701 5
655 854 5
545 349 9
964 85 1
328 544 3
846 409 2
733 163 6
132 60 8
753 800 5
414 284 7
450 710 0
797 33 1
554 636 9
137 304 8
932 833 5
748 638 2
535 403 9
844 432 2
104 161 8
869 433 2
57 715 4
842 790 5
230 974 4
203 983 4
126 617 3
620 576 9
679 769 5
961 234 1
758 450 2
890 690 5
284 990 4
680 171 6
393 524 9
955 850 5
685 825 5
283 742 4
892 477 2
885 123 1
803 88 1
458 281 7
57 430 3
210 88 8
200 171 8
674 958 5
974 564 2
648 610 9
554 680 9
781 300 1
204 88 8
150 242 8
265 785 4
336 158 7
614 573 9
633 417 9
661 91 6
698 70 6
522 908 0
159 74 8
432 833 0
32 406 3
398 32 7
16 304 8
712 149 6
956 268 1
589 106 6
862 855 5
243 199 8
365 857 0
772 998 5
274 786 4
441 325 7
856 963 5
585 367 9
389 17 7
201 421 3
423 951 0
805 791 5
607 869 0
940 564 2
138 530 3
670 0 6
737 914 5
551 102 6
771 676 2
452 398 9
814 893 5
723 22 6
209 660 3
390 598 9
678 943 5
372 453 9
246 177 8
245 853 4
47 537 3
417 537 9
419 88 7
889 156 1
354 441 9
610 477 9
469 62 7
227 635 3
956 302 1
657 165 6
963 399 2
115 641 3
342 487 3
446 588 9
665 43 6
794 64 1
581 211 6
601 0 6
651 490 9
509 5 6
283 471 3
835 752 5
534 62 6
739 842 5
717 397 2
359 680 0
148 474 3
673 843 5
314 119 7
783 979 5
163 577 3
395 96 7
789 996 5
448 440 9
486 957 0
798 122 1
781 985 5
874 315 1
399 614 9
509 116 6
363 868 0
796 511 2
694 821 5
706 8 6
941 490 2
339 456 3
67 734 4
552 856 0
82 0 8
649 569 9
310 799 4
691 91 6
784 917 5
758 183 6
883 267 1
652 598 9
487 800 0
462 181 7
622 168 6
542 563 9
658 881 5
371 78 7
968 923 5
934 50 1
275 935 4
971 585 2
734 14 6
28 870 4
284 138 7
54 519 3
405 58 7
118 244 8
858 932 5
778 480 2
100 320 8
395 111 7
553 766 0
189 521 3
41 475 3
924 317 1
411 247 7
254 497 3
262 635 3
368 898 0
773 774 5
417 531 9
832 887 5
775 690 5
171 553 3
171 272 8
225 566 3
735 779 5
685 276 6
652 726 0
751 928 5
43 514 3
176 650 3
12 790 4
285 732 4
688 58 6
506 457 9
589 690 9
697 717 5
732 868 5
622 903 0
492 848 0
822 227 1
979 859 5
503 631 9
585 607 9
560 981 0
121 88 8
983 485 2
878 268 1
217 918 4
678 75 6
375 620 9
117 72 8
337 850 0
293 959 4
105 785 4
159 927 4
365 138 7
138 868 4
770 724 5
827 682 5
57 949 4
122 40 8
786 352 2
308 356 7
270 338 7
783 997 5
958 901 5
422 647 9
751 715 5
959 208 1
500 118 7
488 865 0
257 626 3
86 379 3
702 913 5
413 759 0
214 887 4
799 1 1
239 459 3
357 509 9
150 492 3
858 108 1
393 280 7
108 496 3
995 67 1
705 848 5
537 545 9
65 794 4
171 503 3
525 874 0
769 290 1
633 983 0
177 785 4
336 416 3
596 45 6
277 746 4
538 136 6
207 931 4
416 315 7
780 764 5
734 837 5
612 271 6
382 29 7
418 553 9
533 943 0
427 302 7
586 413 9
637 115 6
550 974 0
532 146 6
19 809 4
245 557 3
297 452 3
841 714 5
767 973 5
830 853 5
810 794 5
124 192 8
823 542 2
745 708 5
838 525 2
10 424 3
290 0 7
539 840 0
974 423 2
986 345 1
585 231 6
255 882 4
35 448 3
948 154 1
421 778 0
7 231 8
572 132 6
423 748 0
674 520 9
456 864 0
397 819 0
640 687 9
819 532 2
527 145 6
307 866 4
490 892 0
449 97 7
127 485 3
545 427 9
991 966 5
206 999 4
549 130 6
131 324 8
230 157 8
197 39 8
374 594 9
210 14 8
634 29 6
546 161 6
526 854 0
379 368 7
98 181 8
466 225 7
18 363 8
653 9 6
682 211 6
8 231 8
693 491 2
908 276 1
649 105 6
315 23 7
699 525 2
389 333 7
906 288 1
847 432 2
494 578 9
152 592 3
759 618 2
170 777 4
334 175 7
139 16 8
386 147 7
599 431 9
639 507 9
707 640 2
612 22 6
15 664 3
899 404 2
349 805 0
44 548 3
589 538 9
479 742 0
131 238 8
712 301 6
368 46 7
828 507 2
414 214 7
6 14 8
997 645 2
521 705 0
637 486 9
79 652 3
502 979 0
409 203 7
136 453 3
752 726 5
344 231 7
468 475 9
821 180 1
128 541 3
579 956 0
400 993 0
522 407 9
7 519 3
404 881 0
576 42 6
719 8 6
46 221 8
987 807 5
776 123 1
613 880 0
201 957 4
111 669 3
432 285 7
202 912 4
178 781 4
868 579 2
774 742 5
338 134 7
613 742 0
15 190 8
136 734 4
198 535 3
307 537 3
342 83 7
12 955 4
964 214 1
912 427 2
235 696 4
64 437 3
608 595 9
218 828 4
174 345 3
570 864 0
479 184 7
958 494 2
726 95 6
580 276 6
630 239 6
165 324 8
674 177 6
280 990 4
743 544 2
770 979 5
241 834 4
768 849 5
781 987 5
678 955 5
684 600 2
171 163 8
136 130 8
657 862 5
577 589 9
138 559 3
828 303 1
883 854 5
833 163 1
845 576 2
60 615 3
907 301 1
801 676 2
502 583 9
15 180 8
890 699 5
133 414 3
862 269 1
544 871 0
132 121 8
812 622 2
680 992 5
278 915 4
846 111 1
431 43 7
39 491 3
658 947 5
792 812 5
975 294 1
747 990 5
827 989 5
689 312 6
403 551 9
581 299 6
774 65 1
772 586 2
688 804 5
578 318 6
720 424 2
429 151 7
468 468 9
994 478 2
767 786 5
642 742 0
432 741 0
84 611 3
83 773 4
923 486 2
676 505 9
138 450 3
922 262 1
388 610 9
67 966 4
928 139 1
743 709 5
642 563 9
530 636 9
393 649 9
422 388 9
392 206 7
129 828 4
818 212 1
602 741 0
51 630 3
598 541 9
433 521 9
803 821 5
483 222 7
140 764 4
361 235 7
473 3 7
150 355 3
639 895 0
5 413 3
283 749 4
620 765 0
577 438 9
329 531 3
531 732 0
162 130 8
273 595 3
3 429 3
768 486 2
651 908 0
602 13 6
495 428 9
16 645 3
783 8 1
541 140 6
421 176 7
889 41 1
293 819 4
831 623 2
350 363 7
707 512 2
845 333 1
459 200 7
762 228 1
38 765 4
136 641 3
778 984 5
69 147 8
629 852 0
155 522 3
345 928 0
51 234 8
970 344 1
53 153 8
967 404 2
868 675 2
268 713 4
360 728 0
265 122 7
308 304 7
887 444 2
945 18 1
780 366 2
517 410 9
570 24 6
284 915 4
952 335 1
502 274 7
680 555 9
428 999 0
311 296 7
26 932 4
362 386 7
12 627 3
860 320 1
283 100 7
116 580 3
118 897 4
946 987 5
659 869 5
363 943 0
784 667 2
279 286 7
942 311 1
194 722 4
310 857 4
18 337 8
789 732 5
723 801 5
712 936 5
121 995 4
36 238 8
928 506 2
135 874 4
493 794 0
95 208 8
89 880 4
875 368 2
518 817 0
31 64 8
539 342 9
922 910 5
31 711 4
994 106 1
513 706 0
42 986 4
54 78 8
576 982 0
584 63 6
208 429 3
209 304 8
637 299 6
536 513 9
19 406 3
682 51 6
471 574 9
745 393 2
836 776 5
104 830 4
882 969 5
889 925 5
308 943 4
355 884 0
277 940 4
948 837 5
721 157 6
141 359 3
808 29 1
224 180 8
436 258 7
231 907 4
832 976 5
652 668 9
104 756 4
851 986 5
78 740 4
263 386 3
35 971 4
270 664 3
911 570 2
501 984 0
80 995 4
695 240 6
24 271 8
420 812 0
530 651 9
71 362 3
979 723 5
383 435 9
832 234 1
774 910 5
326 37 7
648 713 0
8 270 8
377 271 7
193 878 4
608 273 6
873 303 1
513 250 7
575 286 6
414 105 7
937 486 2
819 269 1
561 554 9
704 393 2
788 830 5
655 466 9
868 655 2
179 228 8
926 908 5
852 119 1
787 460 2
744 12 6
115 609 3
614 42 6
895 29 1
147 185 8
515 319 7
806 76 1
873 862 5
822 14 1
693 477 2
832 561 2
133 12 8
141 411 3
920 345 1
882 59 1
157 626 3
424 273 7
235 38 8
315 483 3
67 815 4
668 934 5
486 474 9
11 359 8
336 185 7
725 29 6
662 558 9
942 147 1
570 436 9
558 842 0
133 440 3
254 291 7
418 678 0
916 6 1
716 583 2
489 136 7
750 509 2
70 236 8
335 433 3
948 23 1
618 673 9
405 633 9
231 699 4
780 153 1
135 691 4
996 621 2
483 250 7
912 902 5
280 180 7
260 996 4
763 101 6
132 866 4
610 555 9
102 945 4
988 50 1
968 607 2
724 725 5
240 307 8
425 372 7
461 912 0
63 457 3
533 899 0
59 445 3
801 339 1
977 413 2
687 741 5
514 172 6
607 124 6
727 61 6
421 67 7
464 741 0
26 540 3
467 618 9
847 244 1
991 308 1
156 406 3
765 690 5
305 176 7
487 458 9
867 465 2
871 555 2
558 385 9
79 517 3
861 158 1
578 634 9
225 394 3
728 252 6
934 195 1
870 782 5
439 213 7
90 947 4
620 208 6
637 925 0
736 125 6
736 604 2
942 959 5
511 500 9
697 590 2
369 558 9
748 299 6
545 325 6
694 273 6
577 628 9
820 800 5
762 611 2
13 205 8
558 633 9
765 196 1
911 501 2
673 647 9
457 967 0
606 968 0
467 655 9
910 836 5
214 658 3
487 111 7
984 181 1
384 913 0
162 204 8
713 924 5
167 727 4
481 725 0
712 246 6
273 623 3
100 946 4
622 557 9
265 581 3
526 732 0
236 436 3
920 802 5
447 408 9
913 783 5
941 297 1
696 103 6
853 762 5
380 20 7
489 861 0
98 201 8
460 371 9
177 560 3
670 799 5
117 935 4
732 995 5
20 969 4
784 292 1
771 583 2
52 37 8
366 994 0
686 414 2
449 540 9
176 829 4
912 17 1
43 362 8
571 855 0
734 748 5
415 756 0
899 884 5
691 632 2
880 63 1
953 16 1
356 724 0
599 408 9
113 317 8
754 800 5
83 204 8
692 612 2
385 956 0
981 780 5
319 552 3
635 405 9
652 402 9
161 552 3
287 204 7
536 519 9
268 489 3
887 976 5
565 838 0
736 679 5
507 843 0
479 590 9
399 523 9
554 784 0
479 536 9
917 798 5
440 904 0
203 93 8
307 364 7
997 946 5
921 885 5
817 189 1
374 704 0
517 291 7
894 605 2
322 401 3
448 153 7
343 847 0
676 898 5
984 156 1
434 253 7
954 226 1
157 510 3
319 816 4
226 668 3
762 147 6
553 931 0
688 279 6
987 205 1
923 881 5
811 245 1
282 611 3
399 626 9
459 427 9
876 795 5
583 662 9
48 890 4
888 205 1
752 560 2
22 978 4
580 136 6
126 134 8
420 814 0
765 407 2
372 40 7
289 535 3
286 923 4
146 37 8
901 957 5
464 129 7
752 400 2
791 800 5
642 32 6
358 394 7
592 732 0
372 172 7
220 850 4
658 640 9
17 776 4
48 389 3
816 689 5
276 454 3
964 774 5
491 218 7
732 308 6
347 836 0
708 491 2
989 350 1
523 699 0
96 467 3
431 468 9
991 651 2
319 650 3
292 336 7
778 692 5
77 946 4
381 353 7
401 697 0
479 892 0
915 563 2
552 615 9
752 612 2
106 741 4
962 981 5
440 58 7
448 223 7
879 439 2
874 550 2
441 518 9
886 571 2
210 315 8
518 943 0
20 919 4
641 499 9
163 908 4
415 716 0
875 167 1
328 333 7
908 643 2
314 700 4
53 762 4
923 284 1
554 149 6
834 995 5
668 72 6
567 878 0
387 437 9
174 759 4
356 815 0
259 519 3
75 674 3
587 951 0
193 268 8
284 101 7
911 951 5
153 316 8
65 428 3
601 619 9
577 787 0
967 245 1
860 886 5
476 599 9
323 650 3
359 679 0
817 970 5
550 892 0
996 138 1
195 189 8
406 832 0
642 669 9
783 795 5
337 848 0
223 290 8
820 152 1
78 787 4
398 290 7
673 226 6
889 996 5
876 248 1
27 693 4
570 577 9
937 566 2
67 485 3
755 825 5
669 397 9
846 804 5
544 536 9
4 767 4
826 824 5
272 256 7
611 670 9
546 636 9
248 788 4
984 124 1
36 363 8
169 959 4
941 458 2
525 360 9
295 633 3
186 964 4
30 384 3
768 575 2
920 773 5
694 747 5
597 318 6
355 561 9
340 902 0
549 588 9
690 534 2
64 78 8
897 585 2
37 190 8
44 915 4
903 691 5
548 89 6
656 930 5
825 776 5
857 746 5
901 904 5
845 499 2
222 200 8
412 563 9
454 313 7
151 144 8
199 216 8
575 449 9
801 964 5
991 197 1
879 894 5
241 779 4
983 897 5
710 809 5
25 567 3
907 927 5
471 752 0
778 694 5
952 542 2
257 407 3
855 760 5
903 55 1
976 830 5
856 130 1
795 847 5
679 26 6
742 920 5
806 77 1
169 868 4
238 195 8
435 145 7
474 259 7
897 252 1
953 202 1
794 562 2
961 649 2
322 216 7
56 651 3
47 912 4
133 194 8
760 164 6
220 502 3
437 378 9
579 958 0
246 170 8
505 34 6
315 979 4
293 565 3
231 598 3
767 377 2
160 80 8
27 834 4
296 435 3
837 695 5
348 970 0
889 108 1
487 462 9
962 924 5
840 893 5
234 439 3
63 740 4
473 731 0
719 766 5
296 303 7
364 415 9
680 876 5
495 59 6
710 143 6
495 548 9
839 195 1
870 728 5
655 357 6
190 617 3
633 383 9
862 868 5
822 278 1
960 295 1
9 31 8
413 305 7
334 129 7
720 367 2
5 567 3
778 67 1
62 625 3
967 901 5
820 838 5
982 475 2
547 172 6
444 181 7
555 659 9
401 729 0
937 361 2
376 946 0
392 141 7
603 79 6
270 675 3
446 627 9
594 224 6
695 656 2
202 662 3
558 22 6
852 540 2
850 400 2
64 294 8
933 972 5
305 334 7
701 242 6
695 430 2
540 87 6
571 143 6
166 842 4
170 964 4
469 764 0
541 516 9
421 743 0
531 979 0
117 735 4
871 967 5
487 935 0
614 420 9
259 919 4
754 313 6
514 801 0
743 54 6
241 314 8
550 759 0
156 720 4
724 978 5
485 617 9
846 258 1
360 729 0
589 477 9
465 460 9
797 952 5
747 411 2
725 7 6
330 479 3
320 196 7
633 63 6
251 874 4
729 153 6
633 238 6
225 709 4
568 62 6
326 414 3
320 38 7
496 909 0
516 313 7
721 313 6
617 469 9
76 342 8
828 758 5
174 148 8
955 807 5
563 558 9
681 292 6
711 666 2
882 936 5
376 450 9
999 702 5
217 671 3
741 713 5
581 609 9
378 302 7
274 995 4
123 350 8
690 951 5
108 864 4
451 415 9
23 366 3
973 56 1
11 684 4
722 893 5
973 450 2
344 324 7
505 561 9
347 246 7
626 928 0
207 4 8
583 481 9
351 706 0
183 41 8
10 643 3
257 461 3
59 280 8
180 32 8
688 191 6
69 411 3
84 394 3
213 428 3
70 718 4
341 417 3
316 967 4
346 523 3
323 281 7
356 675 0
339 539 3
716 349 6
535 326 6
163 594 3
606 343 6
978 295 1
534 47 6
58 970 4
793 623 2
751 863 5
342 92 7
281 658 3
412 979 0
534 87 6
260 890 4
762 599 2
782 831 5
301 317 7
157 816 4
911 115 1
159 889 4
762 45 6
289 172 7
15 82 8
796 766 5
946 490 2
211 579 3
148 975 4
558 34 6
62 818 4
925 825 5
769 707 5
8 422 3
376 165 7
238 639 3
632 397 9
528 395 9
794 169 1
567 810 0
604 715 0
928 550 2
205 139 8
481 354 9
114 39 8
388 529 9
209 665 3
354 330 7
724 714 5
753 100 6
879 991 5
91 863 4
741 972 5
258 535 3
141 178 8
697 745 5
893 626 2
647 99 6
117 128 8
805 584 2
519 193 6
113 728 4
211 819 4
59 287 8
533 164 6
740 764 5
507 831 0
627 248 6
803 886 5
136 945 4
64 185 8
42 957 4
811 690 5
408 281 7
170 213 8
865 690 5
759 330 1
770 970 5
149 829 4
257 34 8
345 997 0
798 853 5
829 777 5
101 632 3
663 589 9
929 79 1
775 972 5
389 938 0
14 797 4
219 536 3
11 436 3
578 770 0
118 349 8
92 619 3
530 349 9
653 876 0
699 803 5
81 880 4
581 182 6
864 596 2
124 146 8
676 899 5
118 417 3
189 484 3
214 761 4
372 577 9
549 951 0
699 668 2
652 791 0
287 534 3
493 293 7
410 192 7
448 491 9
424 29 7
26 288 8
626 502 9
434 654 9
753 904 5
423 942 0
740 989 5
703 465 2
567 253 6
416 266 7
273 420 3
410 912 0
954 903 5
205 717 4
447 654 9
560 871 0
35 938 4
511 13 6
440 298 7
19 545 3
554 442 9
488 295 7
432 543 9
760 999 5
148 528 3
617 421 9
300 27 7
334 254 7
930 891 5
323 729 4
897 884 5
600 285 6
174 464 3
298 967 4
762 670 2
512 316 7
112 0 8
963 544 2
896 75 1
895 44 1
955 865 5
818 255 1
244 504 3
862 527 2
747 185 6
256 645 3
421 209 7
282 596 3
673 932 5
563 787 0
602 427 9
455 715 0
780 419 2
611 676 9
846 859 5
72 802 4
724 890 5
409 968 0
746 623 2
847 494 2
161 104 8
491 934 0
313 773 4
882 338 1
705 797 5
125 660 3
225 580 3
375 5 7
351 338 7
681 550 2
549 753 0
352 273 7
996 113 1
594 742 0
737 441 2
588 250 6
897 79 1
184 210 8
204 67 8
548 262 6
864 25 1
922 89 1
958 649 2
94 309 8
987 127 1
859 537 2
881 563 2
162 229 8
29 108 8
323 118 7
902 912 5
368 799 0
343 552 3
362 548 9
619 910 0
810 484 2
288 732 4
573 246 6
381 20 7
907 720 5
147 119 8
609 380 9
34 772 4
609 63 6
232 285 8
181 134 8
197 549 3
934 892 5
454 296 7
440 73 7
558 602 9
909 198 1
334 835 0
444 67 7
855 704 5
140 2 8
175 749 4
735 209 6
873 696 5
273 106 7
981 806 5
240 530 3
708 526 2
423 162 7
822 215 1
587 733 0
818 497 2
283 504 3
332 728 0
924 187 1
784 64 1
541 959 0
813 628 2
168 687 4
325 793 4
793 658 2
952 385 2
189 660 3
912 964 5
174 86 8
179 761 4
171 349 3
258 455 3
854 942 5
535 778 0
481 319 7
194 23 8
630 7 6
651 798 0
46 328 8
944 191 1
987 896 5
577 176 6
908 841 5
492 82 7
927 23 1
195 99 8
373 806 0
554 579 9
748 89 6
709 230 6
760 903 5
253 390 3
262 256 7
540 309 6
937 484 2
852 924 5
732 781 5
452 992 0
622 944 0
426 550 9
967 622 2
1 692 4
428 555 9
271 176 7
996 980 5
406 756 0
883 11 1
146 498 3
620 686 9
159 557 3
523 11 6
833 255 1
145 285 8
248 767 4
581 26 6
669 900 5
648 670 9
593 428 9
225 216 8
605 221 6
197 363 3
329 432 3
727 475 2
282 347 7
162 441 3
256 685 4
805 89 1
292 950 4
374 892 0
717 955 5
919 387 2
855 919 5
409 800 0
348 635 9
17 953 4
208 566 3
668 890 5
350 395 7
365 633 9
94 879 4
74 350 8
564 879 0
439 209 7
181 165 8
101 899 4
472 372 9
638 680 9
292 47 7
832 640 2
34 849 4
945 595 2
767 613 2
485 470 9
361 850 0
103 455 3
730 529 2
158 646 3
761 597 2
855 942 5
115 309 8
193 939 4
681 831 5
971 325 1
879 804 5
317 913 4
5 262 8
508 773 0
228 993 4
243 941 4
196 698 4
396 278 7
579 554 9
924 692 5
504 132 7
635 971 0
793 180 1
262 826 4
12 234 8
152 243 8
38 469 3
156 43 8
84 17 8
168 664 3
362 763 0
605 910 0
461 353 7
188 393 3
260 113 8
85 116 8
597 72 6
87 390 3
253 349 3
216 265 8
935 720 5
860 973 5
542 16 6
369 626 9
385 537 9
642 100 6
653 599 9
10 466 3
304 199 7
859 564 2
664 297 6
32 261 8
369 471 9
3 622 3
173 571 3
239 108 8
292 99 7
82 834 4
468 803 0
812 853 5
692 806 5
305 345 7
757 316 1
812 61 1
515 23 6
978 179 1
320 10 7
792 690 5
482 147 7
664 655 9
718 256 6
115 362 3
355 549 9
548 175 6
352 712 0
381 45 7
518 686 0
742 275 6
2 906 4
337 517 3
930 667 2
48 602 3
677 192 6
644 511 9
339 309 7
518 410 9
917 634 2
772 624 2
183 673 3
800 888 5
385 181 7
933 904 5
867 27 1
531 222 6
934 220 1
739 864 5
887 140 1
818 917 5
684 463 2
428 24 7
124 299 8
786 41 1
933 558 2
665 468 9
583 817 0
356 969 0
998 641 2
873 218 1
669 404 9
440 603 9
625 531 9
819 864 5
671 989 5
781 356 2
452 210 7
732 928 5
509 518 9
321 794 4
428 987 0
614 12 6
804 323 1
333 155 7
316 206 7
373 985 0
962 813 5
940 939 5
696 111 6
804 720 5
101 585 3
76 905 4
147 160 8
186 8 8
30 507 3
154 810 4
494 769 0
174 651 3
444 507 9
158 760 4
65 531 3
746 380 2
696 38 6
319 392 3
502 475 9
112 955 4
413 540 9
860 912 5
52 46 8
921 82 1
906 427 2
245 400 3
196 419 3
403 640 9
279 561 3
401 344 7
444 499 9
76 140 8
889 396 2
885 391 2
223 349 3
346 988 0
890 559 2
901 294 1
957 822 5
377 863 0
249 974 4
616 798 0
745 371 2
790 24 1
285 543 3
721 729 5
394 797 0
222 284 8
545 107 6
27 121 8
456 726 0
109 698 4
637 10 6
993 594 2
184 722 4
810 786 5
48 778 4
584 793 0
501 726 0
818 786 5
270 891 4
516 16 6
688 738 5
300 586 3
197 328 8
707 5 6
54 816 4
704 43 6
827 49 1
637 363 9
123 799 4
149 171 8
929 85 1
964 431 2
164 134 8
217 434 3
25 85 8
450 66 7
823 103 1
652 20 6
783 711 5
378 189 7
527 82 6
232 706 4
483 221 7
422 606 9
21 571 3
129 302 8
9 93 8
85 173 8
580 303 6
959 957 5
388 761 0
23 564 3
864 27 1
936 647 2
90 314 8
836 970 5
748 68 6
676 583 9
290 450 3
189 663 3
22 670 3
317 383 7
116 403 3
556 696 0
706 515 2
653 446 9
276 29 7
362 141 7
408 651 9
140 499 3
317 329 7
469 66 7
749 497 2
649 39 6
948 191 1
54 322 8
861 372 2
705 977 5
775 261 1
25 833 4
128 31 8
631 404 9
60 346 8
897 820 5
997 390 2
319 314 7
719 788 5
732 468 2
638 734 0
860 586 2
277 914 4
260 138 7
286 965 4
468 413 9
578 845 0
598 706 0
876 230 1
110 288 8
928 360 2
109 925 4
750 780 5
591 469 9
921 676 2
937 559 2
410 797 0
497 687 0
64 757 4
177 702 4
722 997 5
468 652 9
195 66 8
358 71 7
648 468 9
712 576 2
828 173 1
853 578 2
953 445 2
399 874 0
473 689 0
433 883 0
486 282 7
922 902 5
39 451 3
605 113 6
449 73 7
765 644 2
491 123 7
67 140 8
944 131 1
716 124 6
304 570 3
703 258 6
367 454 9
132 840 4
143 918 4
75 982 4
200 997 4
884 592 2
800 841 5
705 601 2
266 823 4
597 758 0
946 665 2
898 242 1
796 614 2
367 453 9
536 70 6
711 903 5
524 195 6
743 20 6
465 170 7
2 666 3
519 886 0
610 320 6
728 667 2
921 994 5
490 519 9
752 789 5
536 2 6
31 684 4
617 398 9
137 153 8
820 200 1
409 697 0
396 152 7
717 861 5
675 719 5
879 194 1
957 841 5
514 685 0
509 788 0
32 999 4
659 136 6
788 195 1
139 820 4
879 108 1
218 369 3
613 39 6
569 22 6
736 317 6
527 805 0
179 202 8
524 410 9
396 481 9
252 263 7
519 761 0
51 903 4
112 710 4
391 901 0
257 882 4
721 488 2
342 291 7
857 956 5
682 779 5
978 770 5
96 857 4
575 627 9
59 99 8
38 808 4
933 642 2
71 804 4
755 474 2
707 867 5
184 450 3
768 441 2
333 841 0
929 675 2
485 139 7
983 167 1
918 314 1
938 14 1
171 513 3
994 231 1
965 384 2
391 250 7
26 462 3
54 133 8
936 113 1
0 472 3
563 121 6
265 248 7
962 546 2
276 799 4
685 259 6
967 955 5
573 905 0
970 745 5
770 964 5
328 87 7
700 719 5
689 726 5
533 95 6
859 469 2
208 211 8
293 124 7
332 558 3
372 647 9
104 648 3
446 142 7
260 413 3
97 833 4
670 419 9
578 793 0
735 258 6
232 435 3
977 922 5
161 862 4
17 372 3
331 578 3
584 976 0
702 268 6
534 426 9
915 991 5
427 714 0
133 687 4
479 230 7
520 502 9
650 451 9
295 385 3
709 879 5
173 39 8
801 334 1
901 171 1
59 585 3
749 995 5
561 803 0
263 448 3
581 531 9
439 8 7
245 924 4
47 76 8
154 920 4
578 156 6
723 873 5
894 432 2
105 67 8
823 258 1
753 77 6
429 812 0
14 530 3
807 575 2
685 423 2
375 267 7
954 166 1
627 551 9
90 27 8
627 597 9
947 206 1
105 670 3
431 999 0
454 888 0
66 630 3
147 172 8
707 576 2
984 721 5
459 144 7
648 144 6
567 376 9
763 873 5
542 391 9
776 985 5
418 403 9
582 717 0
961 687 5
387 745 0
39 193 8
633 105 6
823 132 1
629 882 0
61 614 3
603 520 9
110 604 3
16 29 8
980 780 5
902 522 2
523 678 9
507 293 7
433 441 9
362 747 0
481 101 7
844 520 2
294 829 4
977 118 1
962 607 2
0 23 8
573 956 0
895 683 2
560 911 0
712 892 5
43 966 4
414 918 0
996 274 1
211 781 4
67 925 4
528 548 9
26 724 4
68 321 8
554 46 6
791 868 5
5 143 8
891 578 2
99 786 4
261 11 8
49 325 8
903 93 1
291 670 3
11 639 3
296 575 3
420 363 7
500 301 7
912 527 2
25 332 8
200 931 4
378 991 0
799 383 2
486 42 7
313 586 3
828 574 2
949 878 5
251 205 8
323 894 4
875 334 1
533 171 6
261 954 4
886 762 5
607 798 0
641 984 0
483 841 0
916 861 5
184 67 8
597 670 9
110 910 4
608 290 6
837 558 2
520 88 6
115 843 4
983 990 5
530 868 0
513 791 0
174 399 3
905 781 5
550 546 9
766 33 6
739 34 6
246 923 4
101 195 8
594 563 9
106 554 3
206 295 8
464 726 0
383 579 9
922 718 5
569 804 0
587 434 9
947 761 5
186 205 8
543 736 0
751 661 2
121 843 4
47 719 4
118 500 3
915 64 1
64 373 3
619 622 9
668 83 6
700 403 2
663 974 5
122 584 3
778 709 5
19 78 8
822 205 1
283 717 4
293 386 3
730 766 5
229 777 4
485 348 9
278 400 3
412 694 0
773 383 2
316 793 4
467 16 7
197 130 8
991 319 1
714 121 6
380 733 0
199 554 3
290 834 4
272 583 3
221 2 8
349 802 0
780 187 1
502 58 6
587 267 6
752 713 5
650 420 9
506 469 9
436 703 0
599 779 0
374 666 0
901 106 1
751 452 2
661 42 6
287 933 4
977 860 5
287 679 3
14 67 8
866 517 2
477 805 0
136 581 3
518 138 6
1 377 3
608 790 0
432 207 7
569 159 6
225 822 4
265 977 4
275 926 4
371 914 0
211 348 3
126 499 3
379 140 7
566 597 9
9 396 3
403 145 7
977 273 1
284 331 7
2 892 4
121 435 3
451 42 7
594 677 9
217 211 8
6 844 4
138 377 3
758 349 2
77 884 4
200 457 3
376 767 0
406 386 9
515 809 0
883 492 2
435 519 9
175 437 3
763 648 2
224 567 3
691 170 6
596 260 6
382 602 9
104 520 3
331 862 0
221 408 3
98 422 3
217 826 4
541 624 9
564 56 6
785 448 2
900 220 1
319 76 7
10 435 3
76 234 8
2 119 8
405 950 0
379 787 0
552 483 9
659 235 6
345 232 7
643 795 0
6 213 8
622 547 9
837 186 1
955 974 5
986 208 1
195 658 3
636 205 6
93 712 4
791 447 2
832 196 1
749 211 6
335 653 3
695 994 5
888 392 2
227 531 3
540 585 9
744 162 6
485 933 0
700 440 2
908 39 1
0 455 3
697 636 2
12 142 8
701 803 5
941 533 2
0 690 4
96 335 8
343 143 7
682 231 6
536 261 6
762 428 2
846 859 5
590 331 6
144 642 3
124 52 8
681 124 6
507 730 0
113 519 3
872 814 5
323 813 4
699 675 2
855 795 5
362 198 7
939 44 1
429 827 0
305 544 3
255 152 8
755 197 6
483 899 0
191 959 4
304 873 4
84 811 4
955 197 1
683 828 5
363 358 7
993 62 1
33 849 4
209 395 3
47 500 3
792 829 5
679 97 6
725 934 5
601 480 9
483 437 9
731 675 2
396 35 7
900 832 5
199 855 4
381 882 0
35 744 4
592 381 9
158 625 3
230 720 4
372 629 9
220 516 3
810 900 5
966 887 5
186 567 3
367 22 7
356 451 9
49 753 4
486 301 7
937 685 2
156 319 8
919 544 2
415 511 9
925 574 2
488 507 9
646 213 6
488 866 0
729 299 6
118 695 4
186 305 8
615 906 0
327 971 0
709 376 2
76 195 8
677 14 6
233 185 8
333 504 3
81 100 8
16 358 8
26 856 4
217 672 3
69 706 4
539 151 6
357 657 9
846 895 5
314 813 4
153 993 4
785 862 5
721 861 5
410 398 9
227 995 4
936 912 5
499 369 9
13 867 4
80 39 8
724 297 6
712 145 6
3 251 8
296 712 4
260 495 3
608 575 9
308 113 7
568 445 9
976 290 1
659 386 9
40 886 4
733 328 6
799 232 1
50 164 8
100 130 8
203 176 8
427 267 7
321 783 4
870 618 2
847 131 1
465 455 9
58 125 8
921 978 5
571 897 0
620 230 6
635 13 6
468 368 9
693 619 2
952 743 5
783 52 1
225 339 3
580 5 6
606 902 0
788 477 2
872 987 5
960 337 1
795 18 1
462 716 0
348 385 7
613 969 0
967 600 2
982 436 2
968 675 2
407 272 7
771 543 2
325 996 4
882 257 1
1 840 4
159 141 8
317 383 7
129 277 8
72 924 4
647 535 9
640 996 0
272 605 3
965 240 1
205 299 8
28 525 3
326 435 3
797 97 1
330 474 3
94 564 3
732 447 2
405 243 7
589 74 6
627 718 0
352 699 0
994 351 1
586 986 0
699 859 5
591 16 6
451 148 7
315 479 3
673 642 9
266 822 4
91 597 3
297 537 3
161 381 3
985 566 2
624 574 9
641 603 9
644 345 6
303 638 3
48 241 8
976 748 5
452 567 9
764 903 5
715 432 2
382 740 0
426 649 9
562 517 9
246 211 8
55 759 4
592 40 6
326 569 3
966 319 1
172 610 3
16 827 4
600 64 6
69 576 3
812 521 2
495 577 9
425 562 9
9 159 8
302 787 4
160 216 8
304 406 3
428 711 0
518 372 9
751 196 6
941 717 5
515 114 6
679 531 9
941 631 2
595 10 6
207 760 4
884 54 1
689 661 2
616 50 6
820 270 1
837 981 5
487 141 7
739 915 5
853 257 1
639 956 0
453 581 9
26 320 8
695 57 6
851 636 2
689 799 5
999 248 1
911 235 1
303 600 3
896 271 1
650 68 6
542 487 9
401 29 7
980 141 1
296 185 7
750 935 5
142 556 3
516 520 9
228 211 8
577 432 9
200 266 8
231 199 8
867 494 2
786 170 1
94 682 4
441 744 0
750 983 5
583 504 9
364 915 0
645 660 9
101 747 4
596 595 9
655 464 9
115 884 4
28 44 8
316 228 7
311 899 4
779 530 2
393 565 9
700 487 2
599 493 9
583 701 0
829 518 2
205 193 8
785 850 5
206 886 4
950 154 1
833 605 2
970 300 1
841 998 5
345 157 7
226 8 8
408 357 7
538 801 0
922 590 2
640 521 9
83 575 3
223 264 8
445 428 9
810 231 1
631 368 9
117 933 4
522 303 7
890 492 2
603 732 0
843 948 5
241 69 8
956 650 2
427 494 9
803 701 5
84 444 3
575 520 9
371 150 7
136 817 4
578 298 6
48 561 3
666 517 9
494 540 9
820 385 2
385 424 9
469 228 7
724 710 5
649 681 9
712 428 2
527 516 9
130 964 4
312 705 4
484 683 0
207 972 4
852 785 5
271 252 7
699 289 6
770 545 2
830 942 5
282 567 3
718 751 5
795 443 2
814 444 2
124 526 3
225 3 8
42 355 8
967 706 5
412 451 9
742 619 2
776 594 2
756 47 6
847 807 5
688 969 5
353 518 9
911 635 2
85 630 3
739 232 6
425 553 9
29 549 3
79 254 8
904 474 2
961 872 5
180 373 3
675 922 5
344 451 3
869 452 2
850 716 5
260 539 3
685 613 2
409 948 0
600 495 9
578 339 6
79 355 8
244 108 8
256 324 7
362 161 7
150 323 8
33 682 4
48 708 4
957 744 5
512 826 0
197 362 3
894 809 5
253 931 4
422 663 9
879 374 2
510 810 0
66 589 3
165 310 8
698 422 2
986 412 2
583 136 6
736 968 5
171 136 8
676 480 9
881 540 2
306 78 7
903 552 2
239 156 8
835 661 2
171 714 4
387 681 0
876 453 2
271 394 3
764 321 1
168 750 4
733 751 5
239 821 4
71 762 4
958 99 1
242 839 4
640 900 0
269 543 3
452 508 9
51 287 8
521 223 6
353 260 7
256 230 7
714 879 5
976 830 5
200 144 8
580 934 0
247 171 8
107 318 8
933 65 1
417 175 7
256 57 8
75 877 4
952 879 5
737 356 2
166 610 3
931 872 5
871 187 1
102 937 4
67 430 3
767 619 2
574 347 9
905 821 5
871 13 1
491 804 0
78 260 8
332 687 0
318 407 3
564 622 9
287 654 3
978 805 5
264 909 4
677 487 9
449 131 7
424 868 0
561 191 6
487 487 9
891 393 2
660 762 5
406 151 7
918 836 5
764 250 1
523 434 9
658 440 9
56 297 8
94 387 3
102 358 3
296 132 7
198 745 4
263 622 3
965 177 1
814 453 2
664 705 5
846 677 2
819 252 1
828 737 5
440 944 0
988 964 5
378 998 0
404 435 9
295 498 3
822 749 5
208 470 3
233 758 4
568 497 9
381 533 9
26 547 3
986 42 1
252 184 8
719 423 2
436 900 0
160 877 4
844 500 2
193 223 8
498 949 0
658 145 6
799 832 5
247 359 3
302 480 3
118 222 8
329 499 3
756 707 5
46 94 8
750 650 2
279 469 3
425 715 0
369 585 9
944 214 1
438 489 9
789 936 5
438 799 0
434 237 7
631 33 6
597 285 6
865 715 5
508 195 7
566 616 9
902 964 5
710 4 6
614 989 0
474 39 7
57 195 8
976 353 1
761 414 2
843 550 2
703 633 2
349 489 9
871 332 1
522 468 9
618 387 9
535 478 9
934 101 1
94 189 8
65 804 4
193 31 8
146 667 3
422 203 7
863 398 2
556 624 9
165 751 4
527 868 0
385 876 0
357 256 7
209 231 8
76 179 8
618 963 0
657 553 9
416 103 7
742 833 5
259 935 4
864 405 2
955 638 2
608 170 6
388 165 7
146 553 3
268 673 3
773 653 2
902 482 2
909 111 1
713 337 6
642 332 6
300 299 7
237 716 4
402 979 0
901 661 2
266 765 4
419 573 9
403 27 7
743 792 5
544 890 0
697 813 5
915 471 2
466 817 0
305 728 4
280 19 7
417 922 0
703 718 5
573 940 0
786 327 1
271 688 4
341 889 0
805 760 5
463 561 9
787 206 1
705 684 5
448 754 0
497 716 0
577 315 6
885 883 5
395 166 7
902 813 5
440 957 0
883 14 1
249 21 8
693 872 5
61 34 8
761 219 1
794 224 1
780 934 5
783 837 5
618 583 9
591 467 9
651 169 6
134 537 3
52 530 3
55 306 8
343 495 3
263 578 3
861 864 5
599 555 9
736 661 2
589 497 9
880 736 5
74 12 8
22 209 8
849 640 2
144 792 4
459 796 0
961 593 2
333 365 7
123 388 3
23 818 4
235 638 3
396 97 7
502 348 9
4 238 8
9 593 3
88 241 8
681 162 6
605 703 0
723 806 5
695 867 5
598 154 6
663 912 5
100 996 4
277 223 7
736 653 2
394 972 0
291 142 7
421 794 0
490 425 9
384 851 0
370 472 9
92 52 8
986 49 1
107 709 4
855 803 5
577 454 9
309 240 7
366 409 9
589 995 0
985 325 1
648 379 9
649 292 6
521 70 6
86 364 3
495 470 9
215 218 8
295 660 3
270 281 7
709 729 5
991 565 2
884 920 5
371 194 7
160 89 8
955 749 5
436 292 7
427 85 7
23 76 8
729 545 2
499 815 0
261 994 4
637 476 9
212 932 4
136 834 4
566 198 6
916 909 5
763 800 5
829 486 2
346 989 0
575 302 6
91 363 3
594 870 0
800 618 2
946 529 2
515 445 9
344 776 0
792 334 1
604 356 9
618 741 0
543 184 6
939 459 2
445 54 7
611 274 6
892 958 5
616 819 0
612 59 6
182 206 8
929 983 5
176 227 8
512 43 6
25 857 4
819 169 1
543 776 0
525 161 6
517 420 9
698 808 5
231 143 8
214 843 4
770 106 1
153 386 3
925 765 5
797 459 2
323 726 4
442 500 9
953 955 5
543 978 0
164 715 4
147 707 4
843 25 1
220 360 3
797 918 5
520 381 9
414 734 0
576 184 6
192 729 4
922 469 2
494 719 0
928 817 5
797 371 2
669 750 5
678 565 9
81 842 4
632 580 9
901 475 2
957 121 1
187 107 8
392 707 0
488 806 0
793 64 1
342 985 0
145 616 3
806 991 5
335 734 0
808 484 2
457 830 0
586 135 6
395 667 9
977 379 2
600 230 6
854 909 5
352 41 7
16 744 4
100 856 4
902 893 5
272 596 3
230 417 3
212 388 3
408 899 0
122 569 3
383 580 9
399 969 0
67 146 8
989 45 1
877 589 2
275 731 4
498 979 0
124 867 4
75 224 8
723 329 6
469 996 0
925 51 1
765 137 6
439 174 7
36 561 3
95 771 4
493 846 0
741 561 2
992 730 5
958 221 1
319 585 3
952 169 1
917 76 1
388 992 0
652 112 6
322 473 3
460 599 9
524 577 9
737 963 5
751 125 6
876 198 1
897 722 5
44 990 4
283 388 3
720 593 2
609 391 9
530 913 0
912 447 2
341 301 7
440 993 0
765 114 6
466 577 9
713 342 6
154 802 4
305 258 7
280 182 7
456 529 9
904 501 2
519 539 9
241 591 3
484 851 0
982 14 1
764 894 5
462 106 7
547 902 0
451 312 7
368 270 7
889 81 1
612 44 6
236 270 8
654 516 9
452 110 7
45 708 4
963 916 5
599 205 6
507 83 6
408 489 9
97 524 3
735 559 2
982 283 1
813 434 2
947 181 1
56 837 4
615 668 9
233 851 4
290 887 4
719 742 5
349 764 0
802 313 1
680 401 2
870 539 2
836 278 1
380 934 0
802 115 1
845 785 5
750 11 6
571 698 0
192 979 4
535 159 6
999 120 1
362 290 7
7 81 8
384 356 7
197 187 8
21 229 8
940 891 5
768 777 5
169 148 8
711 324 6
616 908 0
461 366 9
919 384 2
64 464 3
363 951 0
623 362 9
71 986 4
4 430 3
419 389 9
139 617 3
576 160 6
846 868 5
404 615 9
645 925 0
115 708 4
601 731 0
617 62 6
98 536 3
798 514 2
352 513 9
466 976 0
228 889 4
314 232 7
320 85 7
621 811 0
702 549 2
323 901 4
418 727 0
516 415 9
653 983 5
124 254 8
715 93 6
669 165 6
981 819 5
679 334 6
333 145 7
662 561 9
35 976 4
793 707 5
61 767 4
518 116 6
668 841 5
17 86 8
921 885 5
854 574 2
868 330 1
180 935 4
423 201 7
100 404 3
21 780 4
738 706 5
277 400 3
267 664 3
728 412 2
371 142 7
179 241 8
610 848 0
435 627 9
286 356 7
512 140 6
282 732 4
470 814 0
668 245 6
16 120 8
650 389 9
900 740 5
95 530 3
493 714 0
194 221 8
126 918 4
715 306 6
159 325 8
506 594 9
952 144 1
950 816 5
637 584 9
549 459 9
399 569 9
705 415 2
689 707 5
156 942 4
447 603 9
472 940 0
317 18 7
162 443 3
936 229 1
101 448 3
555 607 9
394 859 0
752 345 2
676 389 9
929 577 2
848 328 1
498 905 0
95 187 8
612 603 9
481 60 7
206 953 4
352 523 9
324 866 4
967 260 1
96 68 8
708 651 2
28 103 8
510 132 6
800 538 2
521 81 6
115 721 4
762 613 2
979 209 1
153 591 3
813 634 2
3 19 8
940 356 1
543 264 6
222 862 4
876 318 1
282 937 4
969 310 1
392 832 0
442 544 9
370 315 7
625 838 0
389 739 0
803 368 2
949 956 5
311 114 7
943 315 1
485 883 0
23 380 3
499 245 7
242 375 3
564 525 9
312 885 4
187 56 8
69 982 4
600 440 9
649 226 6
630 38 6
317 433 3
758 618 2
390 422 9
732 685 5
89 218 8
568 112 6
598 419 9
357 193 7
794 273 1
70 459 3
511 609 9
515 580 9
591 468 9
372 241 7
694 2 6
631 363 9
436 742 0
982 178 1
164 66 8
863 605 2
636 783 0
717 587 2
202 74 8
780 348 2
700 202 6
159 211 8
811 27 1
143 403 3
495 516 9
996 541 2
870 979 5
904 658 2
721 238 6
188 237 8
305 51 7
842 293 1
186 911 4
880 740 5
338 12 7
89 38 8
214 600 3
601 26 6
627 744 0
781 474 2
612 129 6
15 483 3
108 272 8
141 182 8
510 682 9
419 167 7
733 614 2
461 272 7
525 693 0
12 863 4
706 453 2
253 920 4
54 854 4
298 33 7
599 431 9
508 211 7
560 523 9
46 669 3
795 540 2
851 658 2
222 622 3
177 307 8
236 990 4
579 114 6
684 944 5
329 390 7
397 583 9
662 451 9
437 313 7
837 388 2
744 345 2
600 657 9
868 998 5
678 16 6
538 529 9
26 760 4
503 203 7
420 92 7
194 999 4
206 878 4
943 535 2
620 341 6
118 634 3
144 908 4
947 981 5
296 44 7
678 248 6
701 547 2
247 379 3
915 137 1
260 941 4
898 115 1
496 318 7
207 690 4
669 413 9
920 965 5
301 892 4
658 419 9
527 802 0
679 826 5
136 976 4
222 814 4
224 275 8
713 823 5
6 980 4
961 618 2
921 211 1
734 418 2
881 941 5
460 902 0
355 381 7
867 656 2
273 525 3
427 152 7
680 107 6
979 816 5
435 553 9
982 11 1
829 48 1
187 835 4
28 148 8
454 950 0
711 188 6
720 944 5
481 180 7
846 836 5
913 714 5
844 539 2
239 624 3
691 919 5
83 22 8
87 870 4
928 422 2
881 757 5
470 68 7
944 498 2
568 750 0
800 631 2
290 520 3
575 772 0
53 422 3
960 318 1
488 157 7
857 727 5
133 901 4
999 216 1
275 438 3
438 203 7
860 319 1
312 330 7
740 609 2
829 660 2
359 629 9
292 2 7
502 219 7
774 555 2
641 86 6
873 129 1
243 83 8
209 728 4
984 560 2
944 611 2
998 382 2
815 859 5
54 479 3
189 146 8
88 18 8
158 800 4
0 450 3
802 502 2
22 576 3
409 15 7
14 282 8
497 610 9
717 706 5
338 53 7
266 635 3
665 616 9
369 832 0
475 423 9
311 665 3
921 752 5
35 80 8
552 387 9
882 354 2
889 904 5
282 650 3
920 296 1
933 417 2
258 2 8
475 597 9
56 93 8
232 721 4
709 601 2
905 185 1
377 216 7
202 298 8
968 589 2
378 872 0
977 261 1
226 218 8
517 508 9
869 437 2
157 154 8
206 415 3
156 681 3
12 564 3
774 596 2
285 836 4
198 190 8
373 927 0
759 575 2
225 79 8
516 956 0
952 493 2
569 530 9
64 86 8
391 933 0
524 548 9
439 730 0
315 947 4
764 680 5
512 890 0
276 797 4
726 826 5
340 99 7
753 451 2
26 331 8
530 543 9
287 834 4
388 856 0
365 452 9
294 756 4
737 818 5
656 176 6
901 971 5
124 665 3
651 636 9
555 280 6
785 634 2
106 477 3
85 212 8
928 112 1
895 811 5
7 534 3
645 395 9
742 10 6
200 36 8
118 937 4
855 774 5
114 108 8
98 590 3
125 749 4
578 680 9
29 715 4
666 488 9
193 752 4
52 473 3
216 947 4
284 575 3
481 930 0
322 223 7
292 522 3
611 411 9
460 818 0
537 926 0
926 635 2
516 51 6
737 94 6
84 766 4
809 750 5
606 354 9
854 658 2
828 422 2
957 112 1
349 790 0
42 672 3
365 687 0
194 977 4
450 654 9
795 987 5
580 722 0
975 448 2
125 712 4
542 209 6
830 704 5
312 437 3
58 518 3
447 886 0
293 757 4
351 642 9
547 745 0
314 265 7
432 509 9
242 882 4
515 389 9
222 448 3
463 197 7
896 589 2
909 791 5
150 739 4
495 462 9
528 905 0
333 976 0
144 626 3
733 495 2
268 632 3
240 583 3
897 673 2
444 491 9
907 311 1
881 129 1
759 344 2
678 8 6
933 587 2
799 436 2
327 646 3
898 855 5
903 231 1
183 47 8
209 268 8
542 478 9
253 783 4
413 150 7
808 209 1
994 67 1
520 875 0
197 632 3
571 875 0
640 857 0
815 791 5
293 494 3
789 191 1
701 692 5
775 885 5
92 984 4
505 634 9
814 758 5
769 227 1
261 929 4
436 255 7
997 309 1
482 546 9
941 53 1
773 933 5
910 588 2
724 203 6
82 865 4
747 784 5
909 874 5
21 1 8
858 526 2
988 25 1
637 109 6
252 898 4
39 41 8
505 388 9
350 987 0
934 643 2
392 59 7
576 303 6
0 652 3
858 434 2
517 605 9
570 778 0
479 591 9
780 690 5
470 120 7
715 107 6
229 319 8
357 620 9
712 214 6
8 414 3
201 294 8
57 945 4
706 985 5
248 706 4
637 459 9
140 506 3
64 63 8
285 896 4
6 417 3
586 476 9
889 653 2
935 118 1
324 644 3
91 389 3
858 99 1
803 411 2
746 213 6
357 452 9
198 957 4
510 188 7
416 2 7
694 481 2
65 331 8
729 72 6
100 667 3
900 989 5
672 836 5
460 996 0
832 551 2
737 691 5
2 893 4
102 748 4
106 811 4
552 656 9
769 414 2
196 185 8
417 243 7
18 482 3
926 747 5
906 27 1
766 807 5
16 438 3
995 476 2
435 827 0
379 524 9
870 382 2
417 325 7
130 875 4
136 35 8
884 257 1
449 80 7
795 866 5
323 813 4
701 250 6
913 607 2
629 679 9
766 997 5
118 113 8
826 905 5
941 205 1
781 163 1
587 199 6
488 70 7
426 977 0
105 310 8
234 906 4
391 29 7
773 66 1
195 826 4
668 460 9
785 297 1
139 552 3
295 609 3
17 121 8
866 310 1
678 648 9
474 266 7
847 962 5
336 273 7
291 793 4
936 526 2
699 679 5
907 824 5
745 102 6
650 414 9
914 788 5
63 54 8
692 710 5
15 709 4
183 882 4
20 862 4
882 494 2
480 81 7
808 168 1
706 100 6
961 642 2
978 12 1
321 885 4
837 67 1
340 839 0
833 254 1
627 248 6
660 319 6
311 676 3
29 494 3
910 401 2
708 792 5
895 188 1
873 703 5
708 931 5
155 669 3
574 133 6
34 895 4
371 223 7
314 711 4
62 499 3
317 42 7
100 978 4
361 411 9
6 742 4
257 916 4
143 966 4
60 390 3
506 285 7
446 215 7
216 601 3
236 142 8
87 270 8
38 458 3
845 704 5
521 908 0
556 838 0
950 656 2
816 663 2
419 822 0
406 676 0
90 901 4
994 502 2
292 501 3
787 738 5
68 356 8
339 656 3
498 778 0
279 888 4
236 124 8
593 757 0
32 501 3
948 334 1
509 764 0
998 928 5
939 756 5
956 381 2
657 951 5
884 949 5
804 23 1
687 224 6
379 379 7
880 878 5
157 159 8
118 394 3
284 711 4
503 668 9
564 803 0
3 73 8
920 353 1
353 859 0
109 310 8
592 766 0
613 828 0
716 769 5
852 755 5
993 583 2
134 873 4
813 292 1
385 932 0
38 669 3
995 893 5
689 560 2
697 692 5
633 617 9
397 987 0
828 506 2
649 772 0
273 262 7
601 341 6
383 805 0
96 376 3
388 583 9
601 202 6
227 986 4
134 617 3
7 129 8
862 697 5
41 911 4
741 675 2
880 139 1
14 708 4
997 15 1
833 270 1
629 434 9
963 12 1
239 412 3
740 627 2
347 341 7
181 574 3
680 315 6
543 39 6
797 405 2
88 838 4
669 830 5
865 549 2
321 231 7
258 318 7
598 443 9
941 227 1
877 256 1
591 468 9
20 331 8
447 367 9
673 629 9
293 705 4
296 836 4
744 445 2
594 833 0
284 263 7
15 501 3
812 688 5
85 422 3
358 683 0
865 651 2
911 94 1
908 502 2
914 928 5
834 362 2
648 859 0
991 941 5
564 639 9
130 660 3
85 724 4
493 721 0
339 508 3
574 503 9
196 659 3
278 555 3
343 495 3
206 606 3
590 466 9
108 504 3
747 294 6
218 395 3
505 561 9
336 421 3
201 466 3
82 638 3
542 575 9
359 233 7
436 933 0
737 984 5
945 15 1
891 288 1
862 450 2
246 804 4
916 706 5
661 663 9
353 879 0
58 858 4
441 747 0
280 642 3
565 714 0
632 108 6
289 991 4
693 77 6
276 430 3
62 573 3
797 953 5
213 660 3
755 459 2
816 672 2
166 477 3
687 519 2
357 746 0
729 798 5
845 9 1
792 410 2
723 424 2
870 365 2
767 564 2
794 395 2
346 856 0
969 144 1
162 182 8
156 917 4
994 324 1
941 512 2
802 629 2
31 159 8
727 112 6
309 572 3
122 101 8
334 197 7
877 205 1
914 996 5
121 709 4
391 467 9
917 712 5
963 79 1
247 471 3
349 241 7
796 290 1
753 598 2
271 136 7
757 998 5
248 66 8
922 722 5
519 257 7
272 396 3
814 186 1
744 935 5
247 135 8
402 165 7
848 366 2
596 95 6
837 297 1
688 985 5
940 793 5
583 211 6
929 692 5
562 529 9
758 484 2
252 629 3
93 876 4
377 907 0
62 121 8
842 310 1
609 597 9
827 457 2
963 423 2
904 152 1
721 944 5
138 661 3
737 73 6
224 18 8
766 786 5
547 876 0
623 151 6
506 716 0
27 235 8
624 442 9
357 818 0
104 318 8
415 931 0
775 730 5
354 31 7
883 427 2
327 373 7
440 64 7
798 665 2
434 564 9
803 333 1
793 426 2
837 651 2
143 216 8
886 119 1
658 595 9
937 762 5
913 353 1
45 40 8
83 400 3
423 318 7
179 750 4
43 972 4
166 842 4
637 952 0
758 792 5
286 551 3
219 123 8
202 714 4
339 441 3
833 350 2
36 770 4
112 302 8
475 158 7
342 559 3
910 766 5
229 441 3
868 625 2
413 35 7
819 402 2
339 577 3
195 625 3
481 766 0
100 35 8
480 792 0
476 313 7
142 513 3
435 606 9
815 911 5
116 509 3
822 26 1
627 403 9
820 496 2
28 585 3
883 199 1
988 222 1
129 535 3
200 610 3
653 300 6
645 133 6
92 474 3
798 234 1
987 585 2
193 154 8
496 309 7
15 318 8
688 643 2
722 508 2
491 102 7
93 374 3
654 433 9
948 783 5
320 148 7
745 973 5
801 742 5
458 893 0
216 608 3
480 555 9
194 673 3
709 690 5
982 77 1
361 670 0
720 435 2
530 563 9
889 976 5
937 543 2
409 237 7
326 82 7
386 71 7
55 187 8
814 866 5
432 382 9
826 264 1
938 20 1
937 999 5
63 272 8
76 424 3
294 148 7
211 825 4
711 100 6
153 648 3
996 562 2
238 674 3
644 976 0
98 52 8
515 912 0
270 947 4
646 96 6
212 584 3
117 501 3
584 180 6
125 660 3
956 420 2
809 519 2
597 520 9
971 750 5
521 967 0
664 759 5
642 661 9
87 92 8
713 602 2
4 335 8
901 650 2
431 465 9
587 548 9
967 171 1
80 444 3
831 388 2
216 992 4
259 813 4
865 231 1
915 386 2
550 932 0
497 544 9
593 584 9
636 658 9
538 992 0
993 439 2
995 424 2
905 582 2
325 224 7
753 757 5
668 936 5
146 885 4
281 405 3
50 146 8
988 318 1
884 539 2
250 733 4
83 195 8
317 720 4
205 207 8
64 198 8
646 59 6
974 551 2
641 299 6
775 746 5
57 796 4
683 555 2
681 316 6
312 83 7
462 301 7
401 346 7
840 3 1
79 275 8
550 748 0
347 755 0
955 412 2
953 953 5
471 280 7
505 113 6
931 632 2
211 340 3
780 894 5
895 813 5
210 208 8
897 24 1
861 650 2
722 701 5
6 801 4
976 556 2
901 676 2
312 208 7
88 617 3
162 559 3
897 19 1
24 829 4
3 236 8
169 784 4
482 417 9
597 45 6
977 846 5
69 838 4
497 792 0
891 503 2
945 219 1
411 847 0
895 723 5
407 983 0
341 921 0
895 590 2
940 919 5
771 296 1
155 293 8
80 990 4
710 29 6
35 39 8
876 104 1
877 725 5
248 120 8
580 194 6
339 991 0
393 235 7
715 152 6
218 408 3
74 113 8
998 14 1
385 770 0
310 892 4
63 742 4
882 125 1
772 269 1
164 0 8
374 393 7
725 974 5
513 305 7
520 852 0
296 265 7
439 363 7
418 10 7
771 492 2
123 122 8
858 860 5
244 521 3
753 659 2
615 987 0
136 387 3
257 652 3
387 983 0
45 464 3
957 910 5
769 478 2
114 418 3
743 554 2
781 513 2
564 905 0
5 39 8
27 216 8
252 623 3
89 5 8
282 704 4
992 418 2
444 249 7
70 831 4
232 467 3
648 542 9
377 417 9
20 843 4
835 115 1
749 969 5
981 665 2
874 338 1
705 253 6
554 309 6
228 643 3
314 510 3
700 658 2
280 144 7
908 350 1
327 492 3
817 975 5
34 546 3
393 406 9
741 580 2
874 491 2
901 855 5
156 127 8
193 213 8
380 748 0
522 608 9
743 836 5
470 795 0
847 750 5
939 755 5
452 267 7
599 621 9
594 634 9
167 987 4
40 261 8
920 914 5
752 821 5
769 908 5
949 963 5
474 681 0
63 996 4
642 158 6
185 112 8
954 32 1
215 245 8
139 667 3
512 738 0
289 107 7
724 808 5
446 765 0
69 718 4
31 821 4
892 153 1
82 193 8
468 556 9
874 883 5
904 868 5
41 441 3
981 347 1
825 548 2
593 964 0
215 457 3
55 504 3
916 779 5
313 715 4
896 382 2
433 280 7
556 677 9
433 638 9
870 901 5
546 745 0
784 450 2
613 177 6
892 946 5
525 717 0
494 470 9
34 62 8
927 441 2
566 844 0
220 879 4
559 469 9
614 344 6
749 170 6
22 534 3
808 892 5
435 706 0
989 571 2
156 955 4
100 400 3
253 625 3
470 100 7
447 856 0
162 375 3
297 728 4
571 869 0
960 482 2
338 926 0
826 439 2
96 200 8
973 256 1
445 760 0
962 434 2
331 470 3
741 432 2
871 995 5
409 693 0
447 857 0
549 609 9
584 846 0
689 155 6
715 1 6
989 406 2
927 167 1
845 375 2
368 819 0
983 813 5
579 297 6
599 263 6
768 693 5
47 991 4
688 808 5
36 487 3
17 585 3
96 601 3
431 137 7
108 498 3
139 97 8
904 418 2
265 750 4
146 985 4
921 481 2
150 852 4
779 749 5
467 899 0
442 514 9
242 482 3
675 278 6
969 692 5
863 417 2
646 646 9
907 754 5
144 398 3
204 401 3
168 821 4
503 314 7
806 424 2
796 956 5
628 927 0
57 96 8
178 500 3
962 772 5
334 637 3
50 656 3
682 265 6
425 328 7
263 332 7
434 407 9
730 990 5
808 251 1
811 311 1
565 969 0
87 713 4
277 716 4
992 335 1
164 522 3
187 478 3
294 873 4
468 344 7
529 150 6
961 955 5
830 224 1
639 616 9
984 722 5
607 144 6
973 770 5
808 890 5
740 895 5
956 369 2
963 948 5
56 479 3
471 595 9
958 765 5
469 426 9
462 350 7
928 423 2
657 110 6
0 297 8
726 984 5
19 333 8
128 344 8
104 936 4
234 196 8
184 190 8
917 147 1
139 974 4
627 962 0
921 937 5
79 390 3
715 541 2
93 643 3
317 750 4
753 317 6
47 479 3
653 418 9
165 781 4
762 621 2
70 349 8
169 254 8
539 86 6
401 30 7
412 380 9
992 334 1
669 424 9
76 384 3
965 169 1
379 634 9
920 132 1
303 319 7
964 956 5
90 481 3
90 204 8
102 160 8
553 623 9
414 93 7
709 167 6
475 474 9
900 820 5
160 569 3
244 236 8
306 561 3
758 685 5
196 30 8
170 851 4
701 486 2
808 791 5
967 898 5
996 421 2
58 901 4
44 472 3
346 105 7
991 822 5
579 891 0
642 739 0
813 238 1
328 119 7
799 86 1
804 347 2
116 974 4
199 169 8
460 7 7
961 779 5
257 309 7
200 315 8
210 244 8
139 557 3
350 482 9
731 929 5
374 373 7
21 187 8
611 349 6
658 762 5
787 462 2
110 255 8
789 661 2
424 249 7
20 385 3
29 277 8
46 581 3
944 257 1
826 435 2
166 528 3
917 897 5
809 643 2
622 830 0
182 585 3
531 840 0
347 318 7
303 809 4
573 92 6
470 998 0
693 490 2
735 74 6
119 782 4
656 63 6
391 834 0
850 557 2
362 120 7
454 523 9
763 428 2
706 298 6
13 237 8
138 360 3
908 793 5
170 481 3
237 992 4
831 283 1
835 567 2
357 954 0
701 365 2
370 92 7
199 572 3
649 913 0
692 455 2
437 456 9
883 495 2
754 896 5
732 244 6
608 640 9
38 130 8
474 627 9
123 657 3
910 310 1
576 268 6
264 277 7
633 986 0
369 185 7
559 370 9
450 251 7
177 239 8
59 412 3
734 165 6
660 819 5
410 269 7
459 800 0
751 285 6
427 874 0
295 338 7
536 871 0
958 153 1
149 943 4
139 870 4
128 50 8
593 931 0
654 122 6
170 713 4
535 905 0
231 195 8
76 641 3
816 887 5
441 568 9
173 220 8
442 468 9
558 331 6
691 516 2
484 192 7
460 623 9
415 940 0
26 8 8
871 680 2
130 42 8
745 17 6
299 976 4
213 375 3
617 29 6
262 410 3
597 787 0
631 392 9
607 541 9
723 299 6
58 207 8
843 870 5
182 258 8
810 208 1
618 34 6
240 749 4
428 986 0
766 79 6
962 331 1
806 932 5
361 68 7
694 310 6
208 677 3
702 167 6
219 425 3
818 629 2
984 662 2
499 167 7
920 661 2
727 539 2
695 968 5
640 123 6
954 758 5
554 268 6
90 360 3
552 803 0
429 247 7
113 989 4
924 168 1
156 143 8
945 975 5
772 930 5
637 623 9
449 909 0
285 176 7
800 332 1
496 440 9
808 802 5
551 362 9
71 641 3
723 623 2
796 504 2
222 909 4
493 499 9
77 1 8
994 23 1
328 119 7
305 317 7
742 754 5
579 379 9
282 379 3
712 779 5
820 872 5
581 723 0
234 4 8
364 309 7
980 512 2
813 202 1
421 658 9
53 851 4
12 48 8
226 340 3
167 531 3
10 909 4
637 589 9
289 919 4
968 353 1
50 140 8
577 984 0
863 811 5
988 579 2
121 320 8
91 286 8
523 513 9
297 928 4
716 309 6
976 942 5
1 143 8
825 11 1
53 462 3
600 694 0
733 921 5
399 136 7
61 976 4
120 925 4
139 460 3
856 612 2
781 948 5
899 656 2
813 548 2
584 529 9
857 561 2
823 210 1
704 648 2
222 109 8
462 174 7
155 547 3
95 554 3
35 509 3
882 155 1
786 22 1
968 642 2
986 749 5
590 237 6
757 403 2
785 341 2
284 994 4
254 107 8
205 311 8
107 427 3
420 921 0
953 928 5
469 401 9
834 504 2
910 717 5
12 696 4
91 980 4
338 77 7
81 281 8
315 190 7
36 100 8
883 321 1
95 138 8
428 300 7
801 888 5
79 573 3
809 384 2
501 630 9
785 336 1
487 47 7
53 851 4
743 144 6
183 434 3
573 264 6
67 888 4
806 103 1
989 689 5
424 436 9
827 205 1
88 628 3
93 167 8
202 254 8
903 55 1
237 689 4
391 724 0
736 796 5
927 832 5
292 110 7
618 866 0
726 685 5
754 532 2
788 95 1
221 565 3
531 401 9
770 619 2
381 215 7
138 935 4
821 42 1
991 58 1
83 734 4
134 171 8
531 61 6
3 823 4
171 973 4
41 249 8
658 148 6
781 799 5
243 355 3
364 127 7
756 486 2
98 137 8
701 589 2
425 874 0
983 416 2
933 66 1
150 67 8
237 33 8
481 593 9
209 4 8
566 250 6
254 577 3
398 35 7
376 994 0
390 92 7
121 498 3
930 571 2
988 631 2
160 413 3
505 143 7
181 790 4
209 683 4
210 799 4
717 691 5
744 926 5
47 662 3
528 301 6
239 279 8
689 967 5
273 431 3
411 746 0
930 341 1
317 918 4
324 478 3
683 182 6
621 864 0
972 183 1
547 534 9
982 616 2
225 78 8
894 273 1
740 423 2
926 332 1
54 615 3
299 679 3
47 63 8
425 329 7
404 94 7
247 729 4
572 282 6
263 546 3
146 235 8
81 45 8
122 63 8
662 699 5
493 556 9
324 233 7
979 251 1
565 385 9
866 217 1
64 265 8
280 489 3
594 36 6
584 193 6
117 508 3
475 380 9
406 621 9
968 487 2
19 90 8
902 681 2
789 395 2
237 114 8
629 569 9
365 546 9
954 583 2
763 19 6
201 395 3
860 795 5
432 444 9
989 549 2
305 816 4
930 63 1
790 250 1
551 809 0
340 453 3
490 129 7
201 79 8
595 182 6
648 312 6
728 603 2
896 844 5
974 97 1
591 834 0
244 23 8
631 585 9
925 936 5
754 207 6
351 544 9
457 902 0
353 149 7
708 195 6
278 909 4
274 226 7
443 275 7
538 171 6
230 786 4
367 204 7
235 311 8
390 480 9
334 21 7
417 611 9
309 171 7
818 661 2
67 627 3
563 420 9
776 623 2
967 407 2
884 594 2
985 327 1
869 523 2
851 451 2
310 218 7
655 897 5
529 45 6
729 216 6
67 147 8
179 728 4
670 350 6
389 738 0
977 305 1
510 106 6
928 478 2
865 813 5
424 850 0
492 293 7
373 343 7
744 35 6
914 751 5
933 443 2
148 662 3
11 567 3
161 543 3
296 832 4
893 37 1
570 222 6
342 432 3
328 623 3
262 545 3
788 686 5
395 280 7
331 121 7
624 427 9
156 538 3
178 441 3
333 679 0
456 697 0
246 617 3
240 894 4
801 133 1
932 723 5
707 626 2
156 36 8
249 418 3
933 389 2
105 329 8
670 788 5
450 646 9
216 958 4
536 746 0
752 221 6
425 208 7
918 24 1
177 510 3
918 979 5
995 850 5
702 703 5
477 858 0
91 78 8
629 24 6
468 86 7
353 490 9
874 155 1
136 90 8
114 672 3
189 218 8
245 614 3
426 164 7
990 603 2
674 909 5
582 22 6
759 637 2
725 588 2
847 816 5
667 476 9
840 135 1
562 546 9
625 789 0
701 113 6
231 167 8
137 420 3
385 382 7
387 163 7
546 377 9
119 573 3
286 701 4
595 398 9
690 672 2
986 538 2
488 653 9
14 680 4
140 929 4
226 765 4
718 928 5
878 949 5
447 367 9
370 185 7
750 109 6
348 648 9
486 467 9
573 125 6
521 520 9
523 211 6
192 861 4
101 680 3
515 116 6
713 7 6
397 939 0
773 115 1
219 3 8
416 667 9
371 138 7
204 473 3
247 552 3
121 734 4
372 695 0
211 893 4
215 734 4
456 760 0
595 910 0
792 462 2
26 505 3
470 775 0
445 595 9
242 664 3
950 658 2
683 321 6
797 887 5
794 44 1
792 268 1
130 164 8
963 341 1
409 530 9
427 217 7
290 23 7
127 83 8
837 505 2
588 659 9
280 385 3
254 522 3
402 205 7
533 437 9
878 330 1
325 25 7
726 469 2
293 857 4
985 608 2
198 746 4
490 978 0
963 133 1
1 443 3
216 190 8
948 156 1
850 581 2
894 456 2
455 296 7
661 988 5
733 892 5
670 410 9
917 397 2
231 562 3
606 216 6
522 156 6
962 12 1
134 278 8
145 487 3
721 713 5
678 21 6
222 880 4
954 116 1
336 410 3
764 998 5
750 849 5
890 773 5
260 159 7
170 491 3
73 776 4
60 595 3
932 22 1
959 67 1
300 105 7
906 21 1
170 584 3
395 744 0
464 349 7
212 801 4
111 976 4
151 862 4
826 393 2
635 438 9
552 157 6
281 625 3
285 341 7
572 569 9
364 531 9
988 16 1
988 895 5
390 159 7
479 785 0
255 296 7
134 468 3
449 246 7
444 600 9
460 622 9
993 447 2
60 897 4
604 342 6
874 241 1
683 446 2
810 399 2
977 799 5
416 966 0
694 806 5
477 525 9
943 732 5
173 77 8
552 622 9
675 349 6
574 487 9
971 567 2
934 384 2
816 890 5
78 690 4
131 113 8
488 294 7
513 818 0
93 281 8
784 139 1
439 613 9
664 382 9
697 190 6
811 250 1
812 839 5
599 387 9
326 922 0
306 261 7
306 475 3
503 736 0
165 635 3
850 6 1
929 715 5
824 374 2
996 960 5
513 787 0
573 529 9
521 270 7
719 684 5
520 884 0
523 471 9
623 202 6
394 929 0
463 52 7
404 966 0
789 922 5
953 639 2
280 234 7
354 104 7
960 702 5
64 473 3
841 989 5
355 362 7
611 426 9
398 484 9
310 922 4
955 933 5
124 701 4
215 939 4
754 971 5
257 543 3
893 563 2
182 173 8
149 888 4
629 110 6
942 45 1
583 135 6
34 290 8
497 646 9
717 247 6
130 379 3
521 437 9
665 997 5
139 232 8
936 893 5
203 546 3
788 449 2
109 322 8
622 610 9
562 604 9
720 504 2
649 304 6
639 36 6
946 488 2
682 15 6
735 164 6
395 257 7
953 412 2
606 92 6
644 543 9
337 847 0
441 125 7
296 902 4
799 271 1
512 361 9
227 233 8
865 876 5
889 856 5
912 835 5
696 946 5
851 432 2
110 598 3
41 416 3
10 647 3
508 6 6
542 198 6
205 335 8
675 854 5
237 475 3
477 750 0
836 704 5
983 54 1
580 224 6
910 845 5
59 607 3
791 262 1
391 254 7
860 784 5
670 222 6
783 530 2
228 678 3
728 786 5
13 756 4
640 251 6
231 117 8
353 67 7
173 688 4
121 753 4
912 384 2
950 971 5
343 742 0
234 734 4
348 446 3
870 18 1
669 5 6
900 249 1
683 981 5
35 49 8
737 27 6
300 968 4
496 5 6
387 669 0
693 509 2
775 605 2
245 725 4
576 588 9
819 162 1
674 167 6
609 544 9
537 630 9
549 438 9
879 585 2
419 267 7
634 156 6
294 286 7
476 143 7
643 863 0
812 336 1
372 939 0
941 969 5
17 869 4
557 836 0
384 231 7
356 345 7
127 893 4
975 29 1
331 854 0
614 102 6
473 600 9
610 768 0
238 86 8
911 881 5
950 75 1
217 674 3
367 510 9
644 384 9
731 553 2
572 115 6
785 928 5
460 912 0
822 435 2
293 505 3
642 907 0
960 115 1
859 570 2
235 97 8
657 498 9
330 959 0
926 899 5
633 293 6
409 629 9
677 141 6
183 249 8
608 968 0
178 69 8
232 352 3
856 526 2
209 850 4
785 169 1
318 997 4
740 553 2
446 749 0
52 777 4
708 330 6
676 341 6
623 438 9
971 300 1
931 506 2
901 539 2
474 431 9
960 58 1
783 169 1
936 993 5
19 722 4
162 337 8
71 254 8
243 517 3
3 647 3
294 711 4
977 323 1
405 600 9
761 728 5
252 692 4
234 153 8
231 60 8
937 544 2
470 720 0
713 407 2
65 84 8
481 580 9
774 552 2
834 17 1
69 190 8
16 716 4
253 993 4
39 658 3
945 800 5
738 549 2
492 972 0
702 75 6
384 991 0
971 855 5
712 684 5
262 129 7
121 95 8
709 895 5
647 896 0
264 68 8
438 280 7
784 691 5
625 823 0
350 570 9
623 88 6
119 467 3
413 173 7
895 797 5
165 866 4
4 229 8
903 618 2
358 24 7
713 420 2
271 712 4
668 535 9
781 106 1
815 565 2
797 440 2
741 147 6
362 716 0
588 481 9
184 1 8
6 431 3
150 523 3
649 155 6
752 904 5
773 463 2
280 839 4
235 551 3
551 903 0
86 332 8
9 253 8
250 158 8
45 991 4
658 407 9
707 246 6
240 243 8
599 599 9
674 101 6
122 676 3
256 875 4
580 382 9
690 861 5
221 925 4
764 772 5
828 203 1
457 189 7
456 707 0
347 502 3
698 5 6
261 757 4
603 502 9
1 202 8
101 27 8
656 223 6
703 912 5
450 636 9
646 492 9
849 867 5
417 613 9
992 597 2
816 449 2
786 625 2
508 134 6
127 558 3
491 740 0
315 95 7
242 668 3
649 695 9
696 305 6
271 751 4
570 73 6
387 216 7
566 236 6
436 983 0
202 428 3
581 18 6
229 719 4
643 737 0
205 122 8
647 697 9
863 962 5
792 457 2
631 793 0
505 679 9
99 776 4
430 21 7
201 818 4
237 767 4
406 25 7
103 608 3
453 36 7
627 34 6
755 622 2
123 961 4
97 770 4
10 312 8
85 802 4
769 68 6
947 626 2
747 398 2
754 177 6
419 956 0
347 9 7
75 754 4
34 178 8
362 840 0
566 341 9
226 322 8
316 350 7
635 413 9
472 645 9
725 909 5
799 846 5
977 746 5
473 76 7
145 227 8
254 916 4
183 601 3
925 611 2
707 312 6
789 70 1
152 708 4
763 378 2
30 79 8
80 665 3
492 553 9
662 569 9
814 461 2
416 792 0
559 241 6
868 56 1
468 474 9
973 4 1
428 250 7
615 135 6
562 756 0
557 66 6
464 321 7
797 846 5
400 877 0
863 245 1
782 525 2
814 597 2
338 582 3
741 898 5
175 609 3
954 644 2
436 279 7
0 216 8
882 967 5
351 444 9
75 261 8
863 892 5
934 660 2
738 334 6
537 602 9
931 320 1
479 98 7
269 818 4
32 10 8
68 208 8
971 374 2
852 407 2
654 204 6
975 536 2
523 679 9
332 598 3
940 195 1
490 874 0
855 229 1
560 745 0
183 844 4
417 14 7
942 686 5
184 974 4
48 252 8
182 19 8
979 386 2
779 985 5
942 754 5
873 465 2
433 205 7
64 725 4
753 906 5
599 960 0
487 512 9
705 670 2
356 474 9
37 298 8
512 221 7
624 560 9
826 159 1
932 805 5
545 711 0
790 840 5
817 663 2
305 603 3
220 721 4
328 973 0
628 280 6
286 115 7
144 343 8
138 500 3
818 175 1
150 330 8
396 126 7
891 574 2
285 823 4
379 183 7
886 521 2
23 55 8
536 328 6
10 757 4
402 691 0
82 30 8
323 720 4
497 467 9
64 635 3
319 882 4
810 821 5
212 559 3
947 455 2
133 585 3
630 865 0
768 868 5
738 791 5
924 275 1
471 286 7
384 873 0
977 818 5
255 300 7
539 753 0
119 603 3
388 438 9
837 551 2
611 49 6
462 559 9
857 947 5
496 487 9
812 264 1
708 903 5
407 984 0
178 230 8
270 914 4
456 248 7
84 711 4
900 623 2
816 20 1
578 557 9
458 415 9
460 70 7
817 922 5
981 26 1
869 477 2
865 34 1
93 573 3
937 852 5
557 467 9
434 828 0
733 890 5
428 817 0
954 328 1
793 770 5
348 371 7
679 807 5
139 139 8
229 308 8
61 562 3
334 283 7
391 199 7
669 836 5
773 958 5
688 330 6
425 122 7
510 510 9
365 938 0
327 319 7
267 120 7
441 967 0
844 121 1
126 983 4
260 355 3
291 674 3
269 977 4
957 660 2
176 626 3
496 949 0
584 536 9
632 361 9
11 142 8
871 376 2
433 550 9
47 52 8
23 840 4
19 219 8
961 146 1
554 574 9
853 197 1
248 475 3
174 557 3
135 350 3
183 984 4
652 119 6
872 284 1
832 883 5
778 55 1
611 563 9
605 10 6
615 980 0
851 987 5
551 164 6
485 105 7
738 690 5
302 338 7
165 828 4
895 653 2
179 430 3
989 183 1
901 213 1
819 733 5
449 597 9
788 60 1
513 746 0
423 480 9
78 626 3
819 630 2
790 304 1
735 881 5
347 390 7
219 864 4
218 467 3
869 749 5
249 858 4
932 151 1
72 751 4
884 521 2
701 25 6
933 214 1
123 708 4
694 553 2
334 514 3
183 125 8
170 271 8
358 869 0
13 577 3
734 231 6
396 603 9
333 646 3
814 265 1
797 886 5
369 33 7
759 422 2
410 44 7
636 885 0
753 682 5
439 439 9
548 622 9
564 71 6
245 274 8
940 258 1
204 674 3
842 600 2
630 175 6
598 444 9
792 395 2
682 161 6
781 793 5
583 543 9
837 571 2
429 942 0
606 868 0
382 154 7
842 298 1
577 88 6
573 518 9
698 777 5
544 540 9
729 174 6
715 328 6
970 508 2
75 652 3
21 208 8
445 605 9
752 635 2
528 533 9
577 134 6
753 311 6
641 595 9
610 218 6
35 535 3
736 734 5
312 633 3
626 393 9
807 342 2
721 778 5
202 149 8
782 223 1
357 580 9
180 461 3
215 709 4
994 144 1
195 747 4
456 836 0
695 418 2
407 730 0
953 143 1
816 617 2
128 795 4
10 936 4
137 84 8
66 691 4
585 200 6
914 942 5
780 95 1
404 347 7
156 750 4
844 703 5
498 652 9
540 193 6
422 947 0
275 375 3
442 444 9
344 571 3
239 706 4
859 728 5
142 277 8
419 727 0
477 685 0
670 610 9
132 426 3
309 288 7
176 505 3
992 26 1
157 884 4
571 579 9
183 199 8
306 977 4
643 650 9
900 234 1
709 759 5
314 851 4
388 85 7
579 218 6
770 601 2
828 255 1
27 489 3
543 555 9
995 887 5
934 504 2
123 505 3
436 306 7
704 742 5
284 699 4
745 184 6
285 454 3
296 599 3
657 36 6
36 236 8
254 159 8
189 434 3
414 568 9
924 309 1
124 919 4
197 58 8
775 672 2
915 211 1
979 620 2
306 615 3
319 51 7
151 957 4
857 799 5
556 514 9
836 945 5
103 90 8
104 292 8
525 518 9
861 449 2
179 337 8
720 728 5
747 495 2
401 662 9
59 380 3
634 365 9
347 306 7
768 498 2
263 977 4
298 171 7
843 134 1
116 946 4
576 572 9
591 101 6
442 804 0
902 622 2
493 622 9
350 240 7
470 751 0
254 529 3
483 889 0
246 182 8
547 14 6
681 162 6
991 331 1
333 834 0
817 802 5
133 393 3
374 724 0
847 817 5
528 749 0
791 21 1
372 141 7
613 194 6
245 219 8
75 80 8
460 321 7
263 7 8
335 296 7
169 678 3
627 855 0
512 796 0
657 645 9
189 31 8
721 36 6
200 601 3
138 343 8
974 510 2
837 587 2
56 434 3
807 131 1
514 267 7
452 777 0
627 139 6
425 796 0
817 52 1
651 329 6
200 660 3
327 742 0
692 48 6
778 244 1
650 916 0
940 624 2
778 777 5
564 186 6
211 723 4
317 725 4
990 121 1
855 969 5
260 280 7
766 429 2
685 769 5
111 885 4
430 438 9
979 474 2
838 758 5
70 840 4
26 10 8
465 157 7
787 381 2
343 350 7
104 13 8
76 446 3
134 283 8
416 747 0
915 534 2
528 952 0
303 639 3
190 85 8
429 169 7
911 268 1
279 982 4
108 306 8
344 925 0
815 484 2
306 510 3
834 762 5
523 262 6
209 10 8
545 977 0
109 813 4
511 637 9
765 166 1
629 955 0
604 58 6
125 515 3
678 404 9
849 787 5
62 546 3
64 229 8
30 723 4
740 864 5
485 615 9
127 46 8
977 24 1
375 438 9
837 886 5
76 603 3
405 57 7
910 9 1
115 35 8
876 794 5
792 726 5
933 206 1
624 349 6
436 654 9
72 528 3
870 910 5
143 997 4
308 473 3
374 684 0
911 211 1
922 987 5
166 327 8
396 77 7
688 512 2
464 565 9
658 256 6
643 943 0
463 267 7
292 251 7
921 717 5
779 791 5
627 922 0
141 287 8
395 867 0
323 307 7
430 246 7
646 597 9
573 43 6
26 614 3
907 490 2
179 917 4
99 174 8
860 914 5
441 152 7
165 714 4
869 944 5
857 848 5
218 350 3
136 614 3
217 459 3
273 648 3
57 271 8
597 983 0
666 623 9
597 925 0
465 128 7
842 916 5
302 702 4
830 95 1
207 995 4
161 76 8
291 370 3
277 510 3
721 765 5
124 290 8
576 749 0
290 634 3
372 239 7
617 391 9
214 566 3
316 32 7
694 159 6
948 348 1
213 779 4
795 420 2
126 956 4
497 418 9
326 774 0
928 399 2
891 404 2
42 467 3
505 684 0
101 877 4
924 70 1
268 138 7
636 937 0
522 682 9
96 471 3
382 309 7
250 177 8
82 728 4
133 579 3
146 812 4
705 426 2
563 596 9
182 605 3
415 687 0
642 517 9
917 566 2
939 537 2
56 928 4
474 579 9
610 922 0
402 345 7
584 4 6
522 666 9
732 8 6
597 231 6
820 302 1
9 383 3
250 192 8
341 665 3
879 983 5
534 148 6
901 474 2
686 309 6
754 512 2
240 716 4
435 642 9
61 371 3
646 584 9
37 731 4
592 634 9
962 412 2
288 971 4
147 890 4
163 840 4
907 395 2
175 794 4
543 76 6
620 581 9
738 374 2
94 978 4
90 881 4
621 152 6
252 619 3
88 641 3
350 680 0
627 664 9
444 267 7
636 943 0
509 151 6
784 416 2
898 311 1
562 794 0
740 182 6
375 478 9
556 821 0
456 999 0
702 429 2
503 306 7
401 591 9
299 751 4
271 926 4
416 67 7
545 404 9
10 54 8
907 146 1
823 806 5
458 385 9
600 198 6
920 975 5
676 828 5
149 484 3
827 203 1
266 330 7
510 667 9
273 809 4
770 544 2
88 538 3
963 633 2
294 974 4
40 202 8
472 863 0
360 930 0
600 960 0
480 520 9
287 508 3
349 436 9
345 176 7
640 611 9
859 502 2
630 132 6
663 752 5
29 751 4
643 992 0
737 289 6
318 777 4
491 791 0
640 851 0
73 240 8
163 906 4
761 803 5
414 110 7
239 759 4
638 231 6
722 849 5
733 704 5
334 397 3
809 715 5
500 804 0
59 237 8
93 378 3
14 585 3
521 654 9
788 946 5
247 304 7
852 8 1
107 619 3
470 698 0
730 460 2
930 805 5
662 15 6
861 996 5
764 670 2
711 265 6
474 770 0
502 568 9
500 869 0
505 373 9
875 645 2
672 122 6
949 876 5
482 408 9
495 304 7
107 578 3
117 37 8
383 779 0
404 244 7
127 169 8
267 190 7
434 741 0
312 288 7
661 813 5
509 518 9
538 385 9
164 210 8
859 465 2
439 694 0
226 286 8
998 333 1
864 115 1
722 599 2
246 126 8
196 373 3
295 463 3
563 81 6
556 876 0
722 570 2
41 583 3
88 931 4
968 604 2
494 180 7
422 933 0
874 648 2
219 224 8
333 436 3
692 55 6
35 938 4
181 231 8
664 829 5
46 227 8
262 955 4
455 336 7
525 496 9
920 965 5
428 240 7
922 922 5
420 344 7
207 294 8
344 426 3
519 677 9
214 211 8
84 250 8
501 617 9
833 165 1
798 232 1
745 61 6
187 200 8
749 64 6
49 669 3
29 829 4
910 303 1
103 682 4
647 310 6
977 343 1
88 848 4
372 303 7
411 808 0
553 912 0
426 738 0
430 576 9
970 175 1
637 509 9
375 739 0
573 424 9
408 955 0
253 670 3
258 356 3
353 258 7
666 682 9
953 107 1
882 678 2
410 293 7
486 315 7
557 264 6
53 987 4
841 376 2
162 830 4
237 538 3
569 163 6
314 978 4
118 920 4
0 728 4
276 353 7
338 295 7
387 292 7
402 269 7
322 812 4
562 808 0
127 472 3
73 532 3
459 914 0
260 622 3
96 498 3
512 666 9
661 178 6
996 131 1
98 996 4
211 727 4
702 550 2
22 89 8
194 776 4
359 516 9
940 273 1
676 419 9
745 101 6
951 557 2
367 564 9
531 464 9
62 43 8
130 723 4
573 126 6
206 672 3
474 417 9
399 176 7
319 773 4
266 513 3
901 977 5
381 841 0
250 410 3
612 348 6
511 915 0
905 879 5
479 436 9
695 541 2
831 825 5
616 756 0
303 174 7
428 777 0
592 179 6
954 263 1
304 572 3
129 205 8
901 510 2
398 151 7
272 10 7
851 784 5
926 108 1
15 757 4
544 710 0
299 727 4
887 267 1
484 190 7
442 264 7
319 386 7
444 625 9
649 100 6
549 778 0
306 450 3
641 56 6
954 913 5
67 805 4
49 345 8
914 64 1
102 810 4
126 753 4
890 13 1
21 726 4
555 815 0
990 227 1
553 786 0
852 202 1
887 754 5
333 545 3
204 974 4
601 158 6
239 668 3
316 289 7
365 582 9
705 820 5
744 832 5
573 986 0
197 946 4
712 105 6
113 55 8
332 666 3
841 536 2
221 80 8
290 554 3
625 847 0
880 227 1
357 119 7
247 673 3
408 613 9
607 466 9
433 352 7
298 358 7
690 847 5
657 403 9
952 770 5
458 636 9
789 651 2
173 10 8
732 815 5
564 357 9
662 444 9
584 20 6
563 184 6
45 324 8
797 5 1
142 582 3
357 440 9
292 399 3
639 949 0
802 592 2
72 260 8
228 861 4
912 753 5
871 996 5
921 435 2
353 583 9
231 290 8
955 146 1
474 353 9
470 271 7
358 612 9
205 715 4
404 849 0
114 396 3
799 269 1
988 223 1
881 568 2
84 145 8
674 307 6
141 595 3
742 495 2
178 325 8
785 486 2
471 611 9
839 294 1
234 197 8
258 439 3
264 663 3
288 730 4
59 439 3
999 399 2
662 233 6
319 98 7
378 993 0
405 520 9
588 499 9
367 119 7
824 504 2
957 296 1
115 796 4
942 349 1
993 200 1
140 609 3
215 780 4
339 626 3
572 691 0
25 586 3
924 697 5
685 302 6
690 442 2
174 631 3
942 893 5
102 118 8
397 59 7
766 864 5
855 708 5
213 200 8
909 705 5
809 124 1
486 148 7
751 58 6
839 128 1
644 763 0
825 681 5
418 868 0
124 944 4
499 66 6
838 953 5
536 235 6
12 303 8
100 219 8
11 665 3
419 272 7
371 228 7
397 857 0
728 500 2
267 920 4
628 911 0
683 806 5
945 453 2
674 69 6
398 525 9
487 236 7
830 23 1
823 842 5
326 275 7
61 690 4
941 832 5
962 664 2
60 711 4
873 140 1
211 140 8
60 192 8
403 96 7
998 348 1
549 24 6
417 299 7
901 256 1
887 731 5
280 711 4
925 958 5
986 338 1
648 279 6
170 963 4
943 582 2
674 168 6
722 886 5
308 783 4
78 64 8
231 428 3
412 780 0
804 182 1
432 57 7
438 319 7
140 70 8
382 65 7
29 721 4
755 29 6
0 925 4
992 296 1
859 667 2
464 581 9
905 125 1
716 335 6
189 947 4
763 953 5
80 919 4
135 512 3
976 926 5
183 468 3
996 566 2
533 25 6
287 640 3
55 639 3
565 47 6
287 424 3
66 752 4
357 971 0
229 426 3
306 418 3
373 421 9
371 805 0
692 859 5
669 20 6
785 853 5
488 133 7
419 373 7
511 58 6
13 566 3
697 930 5
965 985 5
706 384 2
89 416 3
355 318 7
842 14 1
88 567 3
787 811 5
373 480 9
670 42 6
852 807 5
895 341 1
941 666 2
714 452 2
724 80 6
370 774 0
10 687 4
111 69 8
71 200 8
485 779 0
870 327 1
145 958 4
894 932 5
121 619 3
764 792 5
662 617 9
951 909 5
310 244 7
576 24 6
48 652 3
456 770 0
426 819 0
458 537 9
888 881 5
89 373 3
12 959 4
52 157 8
269 298 7
442 391 9
918 558 2
535 580 9
175 486 3
489 837 0
83 417 3
862 131 1
70 670 3
902 496 2
489 712 0
386 377 7
593 475 9
102 958 4
787 506 2
115 408 3
805 909 5
799 723 5
468 686 0
303 995 4
525 144 6
833 608 2
562 47 6
739 632 2
69 993 4
480 559 9
705 866 5
288 299 7
342 743 0
609 481 9
249 76 8
889 54 1
986 41 1
777 806 5
727 432 2
153 252 8
577 338 6
860 139 1
737 952 5
123 807 4
945 603 2
366 651 9
470 6 7
302 164 7
749 911 5
997 999 5
987 886 5
53 325 8
927 183 1
131 655 3
615 637 9
259 192 7
975 120 1
683 713 5
424 158 7
872 369 2
762 590 2
372 584 9
596 674 9
100 346 8
937 97 1
345 277 7
335 750 0
602 263 6
933 86 1
270 549 3
723 529 2
93 50 8
1 129 8
115 425 3
639 987 0
147 401 3
929 519 2
337 526 3
546 789 0
872 483 2
238 569 3
112 926 4
671 715 5
189 605 3
153 811 4
506 228 7
692 951 5
278 46 7
432 746 0
823 72 1
85 970 4
825 15 1
842 515 2
541 740 0
304 765 4
575 895 0
686 688 5
821 357 2
403 362 7
314 556 3
525 172 6
784 217 1
124 414 3
615 908 0
160 439 3
980 598 2
761 158 6
613 955 0
673 506 9
695 329 6
623 271 6
224 309 8
959 45 1
18 714 4
759 333 1
622 284 6
505 406 9
854 981 5
172 469 3
890 685 5
908 222 1
283 22 7
380 248 7
977 53 1
754 25 6
383 729 0
296 959 4
390 607 9
357 408 9
673 116 6
93 295 8
753 951 5
701 607 2
284 225 7
76 174 8
910 337 1
749 545 2
711 129 6
793 40 1
535 899 0
65 270 8
628 713 0
581 18 6
672 938 5
779 345 2
407 224 7
640 160 6
175 693 4
119 460 3
919 195 1
986 181 1
884 735 5
727 595 2
217 520 3
636 104 6
772 53 1
726 400 2
767 307 1
771 791 5
598 902 0
137 5 8
126 777 4
517 654 9
471 636 9
114 742 4
183 100 8
923 68 1
188 650 3
15 757 4
523 3 6
861 295 1
409 939 0
47 176 8
598 170 6
319 196 7
424 456 9
553 551 9
234 422 3
557 57 6
58 671 3
151 594 3
123 74 8
14 311 8
77 29 8
420 952 0
385 633 9
599 794 0
572 998 0
322 171 7
521 641 9
719 945 5
98 273 8
848 684 5
695 405 2
93 106 8
76 244 8
52 552 3
318 66 7
215 747 4
447 636 9
699 832 5
269 298 7
626 842 0
649 948 0
365 170 7
942 84 1
115 392 3
709 964 5
76 757 4
721 169 6
215 798 4
413 267 7
702 83 6
333 917 0
183 780 4
553 882 0
965 175 1
533 591 9
369 182 7
892 734 5
352 186 7
170 819 4
578 880 0
783 654 2
989 505 2
175 204 8
655 940 5
823 709 5
375 508 9
626 558 9
640 532 9
441 605 9
707 326 6
549 76 6
508 441 9
162 212 8
627 332 6
31 205 8
564 167 6
211 905 4
24 738 4
109 31 8
678 284 6
740 53 6
792 366 2
612 433 9
898 405 2
38 957 4
731 587 2
33 591 3
380 195 7
155 359 3
528 186 6
916 444 2
705 127 6
350 729 0
865 811 5
760 895 5
96 852 4
949 240 1
219 913 4
673 469 9
318 64 7
427 49 7
3 812 4
992 736 5
8 147 8
95 888 4
333 12 7
332 39 7
491 34 7
120 709 4
846 881 5
956 294 1
85 905 4
534 304 6
818 560 2
126 488 3
976 905 5
537 979 0
717 881 5
715 725 5
28 163 8
965 714 5
527 650 9
105 370 3
684 225 6
431 882 0
458 388 9
176 544 3
645 63 6
200 816 4
975 678 2
304 951 4
583 194 6
282 301 7
75 350 8
378 104 7
513 696 0
170 392 3
346 275 7
762 382 2
852 194 1
265 311 7
934 793 5
207 579 3
856 407 2
395 183 7
86 700 4
134 21 8
246 417 3
674 321 6
767 53 6
777 632 2
749 947 5
24 447 3
574 138 6
829 427 2
684 446 2
738 618 2
592 297 6
198 800 4
704 945 5
984 142 1
997 118 1
516 243 7
887 190 1
565 6 6
243 694 4
638 344 6
642 14 6
143 568 3
505 325 7
995 189 1
123 85 8
808 715 5
382 358 7
516 439 9
655 500 9
933 653 2
618 449 9
896 858 5
640 813 0
864 235 1
508 855 0
932 502 2
869 427 2
70 726 4
752 418 2
916 876 5
503 76 6
591 238 6
786 459 2
29 441 3
959 962 5
94 930 4
764 343 2
788 756 5
156 652 3
343 664 3
507 275 7
518 729 0
703 589 2
455 807 0
359 371 7
35 862 4
799 627 2
452 585 9
86 481 3
27 398 3
796 473 2
328 560 3
816 116 1
316 325 7
120 659 3
989 628 2
287 860 4
709 342 6
801 164 1
149 160 8
888 185 1
22 39 8
164 475 3
625 602 9
308 4 7
0 104 8
829 328 1
664 998 5
796 332 1
323 917 4
344 664 3
897 631 2
524 958 0
325 325 7
474 474 9
485 362 9
11 860 4
402 175 7
687 379 2
130 995 4
735 130 6
100 564 3
811 116 1
562 607 9
449 885 0
876 145 1
902 125 1
776 426 2
435 101 7
104 910 4
927 589 2
272 291 7
449 26 7
818 488 2
757 948 5
484 492 9
79 936 4
57 242 8
52 971 4
849 853 5
209 78 8
998 111 1
555 126 6
537 991 0
579 641 9
901 859 5
583 525 9
150 384 3
904 968 5
873 661 2
917 709 5
154 348 3
645 563 9
590 697 0
886 791 5
903 95 1
869 901 5
206 777 4
380 96 7
120 959 4
89 373 3
818 672 2
898 320 1
409 154 7
289 282 7
816 206 1
343 322 7
554 988 0
237 144 8
37 123 8
287 940 4
571 157 6
194 777 4
286 574 3
225 406 3
885 315 1
779 704 5
339 29 7
24 748 4
184 665 3
382 352 7
871 725 5
26 777 4
65 615 3
273 103 7
90 561 3
43 661 3
70 237 8
791 708 5
163 16 8
114 49 8
683 245 6
105 23 8
626 481 9
123 162 8
147 858 4
866 370 2
583 892 0
148 649 3
859 773 5
104 950 4
334 147 7
611 756 0
737 754 5
464 900 0
771 930 5
301 454 3
175 406 3
829 154 1
888 953 5
316 35 7
811 183 1
405 746 0
427 905 0
747 639 2
679 851 5
589 365 9
351 552 9
122 440 3
307 938 4
692 78 6
869 994 5
884 396 2
400 714 0
550 288 6
19 219 8
675 182 6
754 433 2
928 181 1
338 28 7
172 369 3
231 761 4
735 934 5
666 209 6
374 973 0
147 67 8
403 368 7
61 639 3
765 813 5
353 667 0
454 724 0
238 129 8
906 992 5
562 187 6
526 901 0
215 698 4
270 798 4
460 357 7
733 478 2
918 459 2
451 66 7
878 206 1
786 291 1
845 903 5
105 551 3
571 559 9
275 161 7
40 182 8
154 603 3
369 680 0
856 936 5
730 478 2
86 190 8
188 171 8
20 106 8
631 471 9
524 861 0
677 311 6
153 875 4
214 610 3
426 137 7
521 701 0
299 913 4
235 805 4
516 604 9
485 724 0
892 215 1
555 979 0
758 743 5
150 778 4
201 133 8
602 726 0
995 631 2
389 500 9
506 603 9
462 284 7
93 983 4
986 744 5
896 573 2
549 765 0
178 386 3
841 422 2
953 748 5
401 63 7
491 904 0
194 693 4
37 796 4
771 384 2
779 160 1
884 638 2
115 346 8
922 560 2
681 260 6
304 930 4
834 205 1
47 364 3
943 888 5
786 897 5
637 540 9
312 480 3
796 506 2
525 833 0
654 296 6
218 786 4
808 454 2
424 924 0
153 698 4
484 834 0
959 141 1
764 793 5
698 811 5
509 642 9
52 647 3
891 41 1
539 555 9
521 335 9
62 47 8
169 68 8
695 739 5
206 504 3
545 630 9
780 698 5
681 264 6
533 640 9
757 649 2
785 456 2
813 294 1
450 865 0
293 341 7
906 833 5
896 779 5
168 310 8
826 689 5
731 874 5
428 937 0
378 326 7
920 510 2
24 601 3
774 909 5
593 884 0
559 378 9
340 724 0
24 790 4
589 317 6
483 847 0
150 379 3
626 319 6
42 805 4
8 773 4
679 789 5
62 409 3
115 334 8
919 491 2
935 45 1
401 880 0
929 312 1
258 621 3
36 634 3
763 977 5
952 598 2
824 102 1
978 450 2
773 372 2
607 782 0
497 638 9
923 559 2
47 38 8
894 318 1
881 181 1
364 282 7
62 645 3
946 672 2
619 982 0
307 734 4
959 259 1
333 135 7
713 663 2
938 487 2
35 545 3
621 532 9
184 544 3
443 583 9
934 689 5
902 815 5
871 618 2
450 285 7
615 396 9
309 586 3
731 616 2
321 690 4
227 654 3
178 293 8
317 116 7
132 704 4
13 105 8
588 549 9
1 31 8
133 935 4
721 387 2
102 944 4
357 904 0
581 324 6
301 890 4
911 32 1
859 232 1
74 438 3
238 252 8
83 907 4
720 215 6
611 734 0
672 199 6
283 673 3
582 768 0
960 655 2
155 63 8
599 864 0
967 532 2
189 620 3
423 100 7
652 634 9
684 79 6
424 274 7
331 508 3
181 52 8
75 144 8
138 748 4
695 773 5
773 629 2
542 734 0
285 49 7
149 884 4
266 116 7
417 455 9
89 192 8
907 741 5
178 591 3
820 954 5
217 504 3
814 750 5
908 890 5
246 398 3
990 941 5
171 763 4
922 65 1
849 207 1
467 998 0
444 733 0
467 213 7
188 556 3
757 95 6
649 935 0
38 470 3
889 255 1
326 56 7
357 234 7
946 603 2
632 288 6
896 155 1
403 818 0
221 253 8
26 688 4
251 822 4
421 718 0
35 961 4
626 792 0
56 276 8
79 446 3
98 320 8
53 424 3
376 410 9
10 674 3
13 642 3
314 909 4
149 718 4
79 370 3
323 105 7
410 926 0
279 183 7
997 314 1
144 623 3
458 552 9
899 889 5
998 997 5
210 403 3
773 938 5
813 783 5
965 178 1
777 279 1
87 927 4
349 167 7
649 672 9
624 60 6
599 256 6
595 948 0
570 740 0
571 381 9
644 823 0
270 995 4
820 832 5
398 946 0
123 212 8
729 88 6
390 507 9
719 830 5
786 69 1
349 435 9
741 325 6
847 692 5
581 443 9
640 152 6
535 564 9
885 179 1
387 507 9
174 559 3
692 573 2
505 815 0
137 587 3
255 879 4
94 974 4
61 880 4
43 410 3
667 137 6
736 515 2
181 317 8
958 822 5
821 493 2
738 58 6
24 125 8
566 199 6
36 258 8
124 542 3
425 613 9
129 680 3
492 575 9
6 906 4
807 50 1
316 474 3
539 404 9
989 720 5
722 299 6
894 895 5
144 632 3
954 169 1
109 872 4
720 146 6
130 196 8
40 907 4
809 521 2
939 653 2
96 945 4
559 255 6
347 228 7
729 886 5
632 71 6
959 706 5
722 205 6
602 867 0
190 556 3
388 299 7
428 460 9
797 910 5
8 189 8
817 817 5
710 756 5
822 158 1
53 734 4
413 401 9
962 495 2
287 946 4
566 598 9
653 288 6
804 255 1
507 994 0
163 247 8
645 943 0
59 443 3
853 67 1
632 22 6
236 695 4
130 59 8
205 183 8
145 619 3
584 459 9
466 224 7
405 384 9
174 58 8
672 978 5
665 532 9
324 828 4
131 970 4
771 191 1
765 976 5
258 749 4
350 495 9
444 832 0
906 650 2
16 51 8
621 952 0
862 439 2
528 267 6
823 703 5
678 847 5
33 695 4
379 358 7
524 511 9
328 647 3
702 93 6
976 312 1
842 326 1
807 639 2
159 713 4
641 527 9
116 614 3
831 978 5
53 360 8
598 228 6
415 628 9
75 448 3
323 807 4
158 199 8
318 486 3
199 372 3
931 175 1
36 126 8
853 844 5
765 364 2
909 758 5
243 378 3
724 75 6
708 129 6
787 658 2
357 554 9
286 432 3
2 962 4
239 513 3
161 909 4
999 360 1
633 283 6
887 670 2
409 93 7
866 526 2
809 127 1
636 53 6
505 360 9
480 214 7
489 619 9
224 846 4
173 511 3
630 527 9
473 222 7
40 986 4
131 392 3
699 117 6
675 938 5
139 84 8
31 5 8
962 841 5
132 598 3
246 990 4
310 726 4
556 799 0
345 780 0
997 870 5
643 627 9
397 468 9
201 438 3
455 333 7
830 506 2
802 505 2
444 941 0
941 828 5
298 255 7
21 782 4
853 267 1
772 515 2
345 680 0
314 42 7
461 663 9
912 104 1
642 309 6
925 844 5
99 380 3
529 281 6
238 331 8
786 682 5
624 79 6
510 922 0
334 531 3
56 539 3
150 829 4
54 495 3
509 720 0
889 322 1
383 801 0
779 378 2
463 704 0
222 914 4
436 751 0
196 674 3
434 334 7
708 58 6
414 219 7
332 100 7
102 388 3
992 253 1
569 398 9
100 431 3
471 990 0
753 206 6
143 884 4
584 958 0
940 806 5
873 376 2
909 69 1
402 343 7
403 111 7
401 169 7
682 85 6
622 784 0
474 966 0
389 43 7
716 490 2
474 187 7
832 580 2
746 327 6
816 330 1
286 757 4
489 159 7
485 398 9
580 888 0
742 335 6
999 495 2
505 33 6
933 479 2
817 407 2
797 559 2
802 513 2
401 629 9
53 233 8
561 799 0
912 377 2
129 198 8
134 618 3
709 620 2
369 289 7
508 111 6
625 859 0
958 482 2
244 891 4
961 61 1
650 110 6
972 805 5
623 373 9
434 28 7
958 995 5
827 871 5
372 309 7
69 859 4
927 779 5
479 296 7
420 339 7
759 45 6
550 70 6
527 794 0
313 840 4
207 964 4
302 180 7
769 926 5
553 555 9
954 864 5
550 134 6
735 274 6
443 804 0
133 722 4
935 964 5
19 356 8
655 130 6
753 205 6
552 633 9
351 866 0
825 559 2
182 128 8
91 951 4
406 996 0
506 712 0
860 408 2
846 595 2
34 289 8
752 520 2
12 39 8
484 383 9
747 492 2
865 501 2
49 418 3
486 401 9
636 311 6
312 818 4
439 403 9
769 845 5
399 627 9
558 612 9
387 404 9
207 421 3
46 311 8
941 58 1
351 778 0
793 450 2
622 658 9
951 671 2
428 437 9
72 64 8
749 384 2
882 540 2
787 3 1
738 539 2
982 296 1
151 369 3
52 710 4
143 450 3
22 436 3
508 725 0
566 653 9
175 188 8
312 479 3
860 740 5
916 932 5
157 17 8
669 39 6
910 456 2
395 648 9
347 377 7
296 498 3
99 700 4
561 242 6
151 583 3
678 11 6
308 245 7
665 835 5
433 329 7
314 293 7
69 583 3
578 578 9
952 247 1
618 862 0
55 365 3
862 403 2
742 158 6
253 841 4
859 814 5
435 10 7
749 114 6
21 409 3
711 38 6
245 496 3
367 911 0
142 789 4
494 720 0
367 447 9
319 337 7
661 374 9
702 524 2
129 797 4
682 735 5
638 893 0
901 426 2
255 651 3
540 629 9
412 603 9
667 9 6
99 35 8
921 241 1
824 415 2
313 191 7
214 632 3
881 876 5
359 583 9
752 840 5
380 786 0
575 371 9
680 829 5
797 287 1
832 689 5
916 244 1
292 584 3
254 743 4
971 175 1
337 795 0
942 650 2
338 157 7
635 219 6
33 346 8
803 137 1
186 535 3
923 114 1
906 603 2
943 55 1
891 775 5
744 159 6
19 388 3
743 625 2
132 714 4
800 821 5
861 743 5
823 200 1
252 458 3
771 637 2
804 926 5
774 343 2
462 697 0
457 720 0
653 400 9
776 544 2
175 520 3
703 546 2
261 799 4
172 393 3
865 324 1
566 727 0
419 389 9
279 671 3
848 402 2
308 4 7
329 82 7
347 143 7
132 804 4
863 785 5
556 991 0
681 83 6
512 736 0
982 773 5
535 154 6
518 753 0
830 84 1
480 250 7
473 111 7
273 673 3
513 582 9
30 842 4
16 729 4
337 148 7
534 201 6
933 442 2
192 614 3
526 56 6
351 508 9
181 238 8
14 51 8
991 196 1
135 823 4
446 961 0
934 72 1
986 800 5
654 16 6
642 22 6
746 332 6
171 632 3
533 456 9
426 77 7
423 304 7
486 774 0
164 667 3
364 178 7
719 356 2
727 206 6
531 525 9
167 466 3
597 506 9
266 251 7
874 260 1
626 620 9
592 797 0
604 477 9
605 31 6
907 28 1
335 393 7
154 500 3
60 519 3
30 779 4
227 109 8
338 758 0
635 857 0
576 232 6
363 194 7
836 238 1
807 462 2
210 751 4
611 815 0
229 216 8
198 136 8
245 885 4
529 399 9
737 941 5
270 120 7
721 497 2
229 411 3
608 216 6
268 536 3
449 632 9
731 637 2
870 538 2
99 432 3
289 62 7
599 870 0
278 797 4
358 875 0
35 887 4
627 124 6
829 897 5
596 902 0
395 826 0
313 355 7
42 581 3
891 843 5
565 974 0
480 787 0
864 931 5
220 506 3
993 819 5
376 624 9
969 735 5
499 4 6
974 126 1
480 155 7
376 77 7
409 123 7
255 74 8
478 649 9
656 721 5
493 573 9
696 325 6
361 560 9
257 581 3
66 602 3
400 795 0
578 721 0
882 430 2
77 208 8
908 558 2
364 284 7
635 125 6
407 890 0
200 237 8
539 856 0
959 384 2
781 7 1
710 142 6
919 319 1
723 338 6
273 476 3
485 852 0
197 367 3
634 275 6
575 542 9
185 291 8
179 820 4
417 938 0
62 617 3
176 953 4
825 487 2
338 606 3
846 400 2
101 765 4
719 176 6
103 344 8
652 940 0
548 202 6
307 182 7
829 235 1
725 14 6
878 256 1
186 295 8
194 600 3
264 370 3
553 441 9
209 243 8
400 55 7
643 501 9
173 714 4
677 628 9
59 682 4
569 959 0
884 228 1
142 65 8
463 219 7
79 342 8
475 617 9
989 669 2
217 254 8
392 122 7
47 953 4
366 447 9
361 361 7
948 534 2
76 626 3
514 487 9
308 83 7
446 544 9
312 940 4
609 127 6
159 40 8
469 986 0
9 811 4
656 578 9
417 400 9
700 464 2
705 418 2
912 66 1
780 860 5
952 208 1
838 467 2
47 498 3
550 845 0
42 214 8
786 3 1
342 945 0
395 163 7
932 404 2
326 940 0
982 743 5
692 683 5
208 397 3
453 120 7
816 233 1
332 768 0
793 171 1
235 840 4
669 138 6
38 64 8
704 824 5
67 398 3
121 463 3
914 405 2
219 240 8
697 202 6
984 389 2
237 192 8
139 690 4
664 955 5
276 996 4
723 69 6
167 311 8
262 189 7
801 300 1
253 505 3
124 672 3
904 597 2
487 818 0
3 707 4
58 700 4
261 394 3
442 498 9
586 581 9
540 250 6
888 816 5
599 963 0
238 766 4
274 500 3
955 75 1
152 560 3
933 628 2
233 837 4
225 72 8
7 228 8
131 417 3
281 392 3
812 75 1
890 750 5
8 783 4
353 896 0
599 952 0
859 837 5
70 486 3
689 378 2
913 841 5
938 846 5
469 523 9
35 47 8
596 42 6
627 727 0
460 260 7
472 624 9
335 714 0
726 343 6
497 79 7
591 97 6
383 803 0
286 454 3
289 328 7
832 554 2
169 122 8
401 991 0
998 436 2
390 594 9
831 17 1
673 643 9
278 145 7
619 613 9
860 345 1
309 709 4
777 900 5
806 512 2
703 445 2
318 344 7
773 502 2
899 294 1
625 652 9
637 623 9
440 27 7
569 271 6
45 594 3
266 675 3
92 885 4
640 304 6
231 949 4
13 360 8
202 172 8
872 905 5
617 191 6
602 390 9
693 501 2
36 670 3
153 674 3
293 593 3
701 214 6
217 98 8
809 483 2
125 253 8
369 766 0
557 952 0
715 570 2
312 917 4
742 536 2
175 711 4
727 777 5
453 773 0
630 490 9
443 783 0
516 737 0
728 217 6
303 297 7
668 112 6
133 793 4
365 502 9
911 274 1
806 979 5
197 470 3
896 291 1
6 423 3
3 734 4
552 456 9
507 182 7
298 950 4
317 814 4
39 398 3
384 343 7
695 404 2
807 828 5
549 525 9
682 461 2
799 488 2
440 996 0
958 688 5
288 965 4
112 643 3
51 664 3
451 910 0
847 750 5
212 516 3
916 604 2
914 300 1
299 610 3
704 106 6
790 606 2
983 473 2
67 135 8
313 507 3
131 624 3
195 771 4
941 659 2
414 992 0
676 218 6
254 875 4
968 818 5
391 884 0
422 306 7
537 73 6
268 593 3
532 58 6
199 515 3
883 618 2
650 549 9
125 134 8
173 673 3
257 114 8
684 24 6
458 712 0
242 712 4
587 562 9
882 331 1
798 657 2
989 335 1
730 257 6
281 262 7
667 832 5
778 903 5
451 780 0
452 576 9
266 625 3
601 524 9
739 286 6
900 549 2
350 142 7
613 938 0
56 495 3
269 854 4
152 610 3
190 883 4
867 823 5
145 886 4
655 275 6
789 106 1
408 593 9
683 674 2
218 636 3
550 309 6
274 450 3
858 625 2
944 471 2
915 0 1
967 536 2
855 471 2
146 397 3
354 365 7
220 852 4
251 875 4
127 393 3
334 887 0
338 369 7
562 557 9
5 464 3
218 632 3
915 77 1
257 211 7
900 172 1
212 219 8
708 419 2
691 854 5
168 397 3
571 740 0
249 822 4
967 729 5
567 301 6
616 906 0
670 178 6
815 28 1
995 33 1
660 910 5
462 917 0
473 715 0
441 37 7
934 149 1
456 977 0
355 976 0
375 926 0
716 976 5
100 684 4
705 20 6
985 322 1
278 656 3
852 93 1
36 847 4
478 696 0
109 293 8
613 583 9
8 54 8
972 294 1
555 429 9
272 262 7
405 999 0
188 474 3
975 640 2
158 33 8
660 143 6
707 290 6
151 911 4
383 187 7
759 862 5
883 220 1
155 848 4
155 515 3
254 128 8
809 809 5
909 433 2
71 666 3
784 611 2
140 760 4
604 298 6
145 616 3
794 852 5
907 297 1
763 290 1
837 874 5
504 72 6
447 11 7
273 602 3
526 527 9
730 688 5
337 639 3
121 760 4
658 906 5
724 798 5
18 328 8
449 515 9
944 243 1
367 203 7
892 482 2
494 729 0
709 350 6
154 156 8
362 427 9
758 240 6
954 841 5
928 643 2
832 402 2
756 490 2
660 480 9
641 30 6
160 90 8
545 456 9
685 264 6
660 929 5
98 506 3
11 807 4
856 165 1
315 570 3
592 426 9
163 898 4
267 443 3
894 451 2
845 650 2
294 857 4
482 935 0
887 642 2
377 784 0
98 414 3
48 110 8
343 499 3
616 354 6
306 473 3
519 622 9
395 463 9
48 558 3
362 667 0
2 608 3
470 199 7
258 764 4
57 92 8
51 296 8
734 428 2
433 184 7
194 833 4
295 538 3
332 911 0
892 991 5
736 412 2
613 484 9
875 13 1
42 589 3
32 396 3
197 502 3
596 807 0
